Date Time,Open,High,Low,Close,Volume,Adj Close
2010-01-04 00:00:00,5.16,5.23,5.10,5.19,949536.34,5.19
2010-01-05 00:00:00,5.20,5.37,5.10,5.35,1285097.99,5.35
2010-01-06 00:00:00,5.35,5.55,5.23,5.23,1354589.70,5.23
2010-01-07 00:00:00,5.22,5.30,5.11,5.19,741442.78,5.19
2010-01-08 00:00:00,5.14,5.30,5.11,5.28,523774.77,5.28
2010-01-11 00:00:00,5.36,5.40,5.18,5.20,558926.35,5.20
2010-01-12 00:00:00,5.18,5.41,5.15,5.34,795589.08,5.34
2010-01-13 00:00:00,5.22,5.47,5.18,5.35,876382.32,5.35
2010-01-14 00:00:00,5.41,5.88,5.39,5.81,2083748.35,5.81
2010-01-15 00:00:00,5.73,6.02,5.66,5.89,1734243.70,5.89
2010-01-18 00:00:00,5.93,6.10,5.86,6.03,1327956.51,6.03
2010-01-19 00:00:00,6.04,6.06,5.89,5.90,893384.75,5.90
2010-01-20 00:00:00,5.90,5.94,5.51,5.61,974155.27,5.61
2010-01-21 00:00:00,5.62,5.73,5.52,5.69,616295.23,5.69
2010-01-22 00:00:00,5.62,5.66,5.45,5.59,589571.05,5.59
2010-01-25 00:00:00,5.52,5.62,5.28,5.28,507744.21,5.28
2010-01-26 00:00:00,5.30,5.41,5.16,5.24,643981.98,5.24
2010-01-27 00:00:00,5.25,5.41,5.17,5.30,579213.63,5.30
2010-01-29 00:00:00,5.37,5.54,5.31,5.42,540430.86,5.42
2010-02-01 00:00:00,5.41,5.48,5.25,5.39,469299.05,5.39
2010-02-02 00:00:00,5.40,5.55,5.40,5.46,487695.96,5.46
2010-02-03 00:00:00,5.47,5.50,5.19,5.46,439820.12,5.46
2010-02-04 00:00:00,5.46,5.52,5.38,5.43,419006.06,5.43
2010-02-05 00:00:00,5.30,5.35,5.16,5.22,478111.71,5.22
2010-02-08 00:00:00,5.24,5.26,5.18,5.24,192092.91,5.24
2010-02-09 00:00:00,5.22,5.38,5.20,5.31,255538.85,5.31
2010-02-10 00:00:00,5.32,5.37,5.28,5.32,169061.25,5.32
2010-02-11 00:00:00,5.37,5.45,5.34,5.37,236579.70,5.37
2010-02-12 00:00:00,5.41,5.60,5.37,5.55,410487.85,5.55
2010-02-22 00:00:00,5.56,5.69,5.48,5.58,434710.87,5.58
2010-02-23 00:00:00,5.58,5.82,5.49,5.79,579074.12,5.79
2010-02-24 00:00:00,5.75,5.90,5.70,5.78,498622.34,5.78
2010-02-25 00:00:00,5.79,5.85,5.70,5.74,607084.08,5.74
2010-02-26 00:00:00,5.73,5.81,5.65,5.68,518324.27,5.68
2010-03-01 00:00:00,5.66,5.75,5.63,5.68,562732.29,5.68
2010-03-02 00:00:00,5.75,5.87,5.73,5.77,540697.11,5.77
2010-03-03 00:00:00,5.77,5.79,5.67,5.79,427272.92,5.79
2010-03-04 00:00:00,5.83,5.89,5.50,5.52,623754.81,5.52
2010-03-05 00:00:00,5.52,5.61,5.51,5.53,287315.81,5.53
2010-03-08 00:00:00,5.56,5.65,5.53,5.57,252291.75,5.57
2010-03-09 00:00:00,5.58,5.65,5.44,5.62,326733.73,5.62
2010-03-10 00:00:00,5.63,5.63,5.44,5.47,272674.82,5.47
2010-03-11 00:00:00,5.53,5.57,5.37,5.39,380038.95,5.39
2010-03-12 00:00:00,5.40,5.45,5.32,5.34,368290.54,5.34
2010-03-15 00:00:00,5.30,5.37,5.18,5.22,355347.61,5.22
2010-03-16 00:00:00,5.21,5.27,5.18,5.25,292611.07,5.25
2010-03-17 00:00:00,5.26,5.40,5.23,5.39,322662.56,5.39
2010-03-18 00:00:00,5.41,5.49,5.36,5.41,302935.05,5.41
2010-03-19 00:00:00,5.41,5.46,5.31,5.45,341645.16,5.45
2010-03-22 00:00:00,5.54,5.68,5.47,5.62,812182.58,5.62
2010-03-23 00:00:00,5.58,5.66,5.50,5.52,391855.44,5.52
2010-03-24 00:00:00,5.50,5.59,5.43,5.53,439815.03,5.53
2010-03-25 00:00:00,5.50,5.50,5.31,5.32,424600.90,5.32
2010-03-26 00:00:00,5.31,5.42,5.29,5.38,233761.90,5.38
2010-03-29 00:00:00,5.40,5.45,5.36,5.41,283357.97,5.41
2010-03-30 00:00:00,5.40,5.55,5.36,5.51,373604.11,5.51
2010-03-31 00:00:00,5.54,5.55,5.40,5.42,245891.77,5.42
2010-04-01 00:00:00,5.42,5.59,5.40,5.50,593828.89,5.50
2010-04-02 00:00:00,5.50,5.67,5.49,5.59,719039.46,5.59
2010-04-06 00:00:00,5.58,5.66,5.54,5.55,423147.37,5.55
2010-04-07 00:00:00,5.55,5.58,5.48,5.50,378066.64,5.50
2010-04-08 00:00:00,5.49,5.49,5.38,5.40,522116.38,5.40
2010-04-12 00:00:00,5.48,5.53,5.43,5.48,487763.15,5.48
2010-04-13 00:00:00,5.48,5.54,5.28,5.42,496974.45,5.42
2010-04-14 00:00:00,5.36,5.41,5.32,5.37,346428.05,5.37
2010-04-15 00:00:00,5.37,5.39,5.29,5.33,316990.80,5.33
2010-04-16 00:00:00,5.31,5.33,5.25,5.27,293662.88,5.27
2010-04-19 00:00:00,5.22,5.26,4.98,4.98,435854.99,4.98
2010-04-20 00:00:00,5.00,5.04,4.80,4.92,483110.99,4.92
2010-04-21 00:00:00,4.92,5.14,4.90,5.13,497718.39,5.13
2010-04-22 00:00:00,5.13,5.16,5.06,5.09,389487.26,5.09
2010-04-23 00:00:00,5.10,5.14,4.95,4.96,366349.86,4.96
2010-04-26 00:00:00,4.95,5.00,4.86,4.88,310836.56,4.88
2010-04-27 00:00:00,4.86,4.87,4.62,4.69,373708.64,4.69
2010-04-28 00:00:00,4.68,4.81,4.62,4.76,291006.06,4.76
2010-04-30 00:00:00,4.68,4.68,4.28,4.49,607924.16,4.49
2010-05-04 00:00:00,4.38,4.52,4.32,4.45,224412.83,4.45
2010-05-05 00:00:00,4.39,4.56,4.38,4.55,248452.50,4.55
2010-05-06 00:00:00,4.56,4.56,4.30,4.31,248495.10,4.31
2010-05-07 00:00:00,4.26,4.27,4.15,4.17,318840.99,4.17
2010-05-10 00:00:00,4.18,4.28,4.16,4.25,244226.30,4.25
2010-05-11 00:00:00,4.34,4.40,4.19,4.21,310239.83,4.21
2010-05-12 00:00:00,4.19,4.29,4.13,4.22,227480.40,4.22
2010-05-13 00:00:00,4.22,4.34,4.21,4.33,229267.58,4.33
2010-05-14 00:00:00,4.29,4.35,4.26,4.29,204813.58,4.29
2010-05-17 00:00:00,4.23,4.24,3.98,3.99,386134.33,3.99
2010-05-18 00:00:00,3.98,4.02,3.72,3.96,402794.05,3.96
2010-05-19 00:00:00,3.94,3.97,3.82,3.89,332909.77,3.89
2010-05-20 00:00:00,3.85,3.94,3.80,3.81,216519.81,3.81
2010-05-21 00:00:00,3.71,3.85,3.67,3.83,339458.00,3.83
2010-05-24 00:00:00,3.86,4.03,3.85,4.01,450210.10,4.01
2010-05-25 00:00:00,3.98,4.03,3.91,3.96,273436.25,3.96
2010-05-26 00:00:00,3.96,4.04,3.94,4.00,207932.43,4.00
2010-05-27 00:00:00,4.00,4.18,3.90,4.13,502160.38,4.13
2010-05-28 00:00:00,4.14,4.33,4.09,4.28,845275.18,4.28
2010-05-31 00:00:00,4.24,4.28,4.06,4.06,527157.45,4.06
2010-06-01 00:00:00,4.05,4.20,4.02,4.12,340623.09,4.12
2010-06-02 00:00:00,4.11,4.15,4.05,4.15,239710.56,4.15
2010-06-03 00:00:00,4.18,4.24,4.11,4.13,407087.79,4.13
2010-06-04 00:00:00,4.15,4.20,4.13,4.18,241312.86,4.18
2010-06-07 00:00:00,4.10,4.15,4.06,4.12,234941.23,4.12
2010-06-08 00:00:00,4.09,4.18,4.09,4.14,234535.85,4.14
2010-06-09 00:00:00,4.15,4.21,4.11,4.18,499916.91,4.18
2010-06-10 00:00:00,4.17,4.28,4.14,4.23,559553.59,4.23
2010-06-11 00:00:00,4.22,4.24,4.15,4.17,417627.41,4.17
2010-06-17 00:00:00,4.21,4.22,4.09,4.09,238957.07,4.09
2010-06-18 00:00:00,4.09,4.11,3.84,3.89,417576.92,3.89
2010-06-21 00:00:00,3.88,4.00,3.88,3.99,260270.57,3.99
2010-06-22 00:00:00,4.00,4.03,3.97,4.00,167457.70,4.00
2010-06-23 00:00:00,3.99,3.99,3.88,3.93,210117.15,3.93
2010-06-24 00:00:00,3.94,3.97,3.91,3.94,127972.02,3.94
2010-06-25 00:00:00,3.93,3.93,3.86,3.90,152695.86,3.90
2010-06-28 00:00:00,3.93,4.03,3.91,4.03,359198.37,4.03
2010-06-29 00:00:00,4.05,4.06,3.82,3.85,372615.02,3.85
2010-06-30 00:00:00,3.83,3.89,3.73,3.75,233066.85,3.75
2010-07-01 00:00:00,3.78,3.83,3.68,3.76,423109.96,3.76
2010-07-02 00:00:00,3.74,3.76,3.60,3.73,286957.72,3.73
2010-07-05 00:00:00,3.68,3.77,3.62,3.75,196839.41,3.75
2010-07-06 00:00:00,3.72,3.82,3.70,3.82,239375.71,3.82
2010-07-07 00:00:00,3.83,3.96,3.75,3.90,419345.23,3.90
2010-07-08 00:00:00,3.86,3.92,3.83,3.88,252745.67,3.88
2010-07-09 00:00:00,3.88,3.95,3.83,3.93,278032.51,3.93
2010-07-12 00:00:00,3.93,3.95,3.88,3.91,291634.20,3.91
2010-07-13 00:00:00,3.89,3.89,3.80,3.86,235785.24,3.86
2010-07-14 00:00:00,3.84,3.92,3.84,3.90,184374.89,3.90
2010-07-15 00:00:00,3.90,3.92,3.80,3.86,227858.00,3.86
2010-07-16 00:00:00,3.83,3.85,3.76,3.83,166784.54,3.83
2010-07-19 00:00:00,3.80,3.91,3.76,3.90,241648.04,3.90
2010-07-20 00:00:00,3.90,3.98,3.88,3.98,599600.16,3.98
2010-07-21 00:00:00,3.97,4.08,3.93,4.03,680802.64,4.03
2010-07-22 00:00:00,4.01,4.05,3.98,4.03,357073.58,4.03
2010-07-23 00:00:00,4.03,4.06,3.96,4.00,383974.35,4.00
2010-07-26 00:00:00,4.00,4.05,3.97,4.03,405127.59,4.03
2010-07-27 00:00:00,4.02,4.05,3.97,4.03,331892.53,4.03
2010-07-28 00:00:00,4.02,4.14,3.99,4.11,681885.84,4.11
2010-07-29 00:00:00,4.10,4.12,4.04,4.11,634985.67,4.11
2010-07-30 00:00:00,4.09,4.12,4.05,4.09,391103.50,4.09
2010-08-02 00:00:00,4.15,4.21,4.07,4.21,868800.01,4.21
2010-08-03 00:00:00,4.22,4.24,4.09,4.09,649160.07,4.09
2010-08-04 00:00:00,4.07,4.10,3.99,4.08,517011.38,4.08
2010-08-05 00:00:00,4.07,4.08,4.01,4.03,321844.48,4.03
2010-08-06 00:00:00,4.03,4.11,4.01,4.10,387360.04,4.10
2010-08-09 00:00:00,4.09,4.21,4.05,4.16,618561.49,4.16
2010-08-10 00:00:00,4.16,4.16,4.00,4.00,460292.27,4.00
2010-08-11 00:00:00,4.00,4.05,3.97,4.02,258752.11,4.02
2010-08-12 00:00:00,3.99,4.01,3.91,3.92,368338.45,3.92
2010-08-13 00:00:00,3.90,3.97,3.90,3.97,234108.72,3.97
2010-08-16 00:00:00,3.97,4.05,3.94,4.05,411533.14,4.05
2010-08-17 00:00:00,4.05,4.09,4.03,4.06,351199.76,4.06
2010-08-18 00:00:00,4.05,4.06,3.98,4.01,409506.52,4.01
2010-08-19 00:00:00,4.01,4.07,3.97,4.03,371995.54,4.03
2010-08-20 00:00:00,4.02,4.03,3.93,3.94,346902.27,3.94
2010-08-23 00:00:00,3.94,3.97,3.91,3.93,198816.45,3.93
2010-08-24 00:00:00,3.93,4.02,3.89,3.99,324160.51,3.99
2010-08-25 00:00:00,3.97,3.98,3.90,3.91,250810.96,3.91
2010-08-26 00:00:00,3.91,4.10,3.91,3.99,535158.46,3.99
2010-08-27 00:00:00,3.97,3.98,3.91,3.95,260196.54,3.95
2010-08-30 00:00:00,3.96,4.01,3.94,3.98,347290.95,3.98
2010-08-31 00:00:00,3.97,3.97,3.90,3.93,334575.26,3.93
2010-09-01 00:00:00,3.93,3.96,3.85,3.87,358947.92,3.87
2010-09-02 00:00:00,3.90,3.91,3.86,3.88,288348.17,3.88
2010-09-03 00:00:00,3.88,3.89,3.82,3.86,321035.15,3.86
2010-09-06 00:00:00,3.87,3.91,3.86,3.91,330563.86,3.91
2010-09-07 00:00:00,3.91,3.92,3.88,3.91,259002.93,3.91
2010-09-08 00:00:00,3.91,3.97,3.90,3.93,371029.30,3.93
2010-09-09 00:00:00,3.93,3.94,3.85,3.85,302958.44,3.85
2010-09-10 00:00:00,3.85,3.87,3.79,3.84,264424.70,3.84
2010-09-14 00:00:00,3.87,3.92,3.84,3.85,278883.03,3.85
2010-09-15 00:00:00,3.86,3.87,3.80,3.81,239347.01,3.81
2010-09-16 00:00:00,3.81,3.83,3.68,3.73,312505.42,3.73
2010-09-17 00:00:00,3.73,3.75,3.69,3.72,175467.10,3.72
2010-09-20 00:00:00,3.73,3.80,3.70,3.75,257453.02,3.75
2010-09-21 00:00:00,3.75,3.75,3.70,3.72,132630.19,3.72
2010-09-27 00:00:00,3.74,3.77,3.73,3.75,176277.89,3.75
2010-09-28 00:00:00,3.75,3.91,3.72,3.80,395668.98,3.80
2010-09-29 00:00:00,3.79,3.80,3.71,3.73,220014.06,3.73
2010-09-30 00:00:00,3.72,3.77,3.71,3.75,180586.13,3.75
2010-10-08 00:00:00,3.77,3.83,3.76,3.81,346161.80,3.81
2010-10-11 00:00:00,3.81,3.87,3.80,3.86,461040.44,3.86
2010-10-12 00:00:00,3.87,3.88,3.83,3.85,385736.61,3.85
2010-10-13 00:00:00,3.85,4.00,3.83,3.98,1002666.20,3.98
2010-10-14 00:00:00,3.95,3.98,3.83,3.85,828507.73,3.85
2010-10-15 00:00:00,3.84,3.91,3.82,3.91,519258.34,3.91
2010-10-18 00:00:00,3.92,4.03,3.91,4.02,1138613.57,4.02
2010-10-19 00:00:00,4.01,4.04,3.97,4.03,691785.38,4.03
2010-10-20 00:00:00,3.96,3.99,3.92,3.96,590185.41,3.96
2010-10-21 00:00:00,3.98,4.01,3.92,3.96,456512.81,3.96
2010-10-22 00:00:00,3.96,4.13,3.91,4.08,1234106.53,4.08
2010-10-25 00:00:00,4.08,4.18,4.06,4.15,1306220.19,4.15
2010-10-26 00:00:00,4.16,4.16,4.04,4.09,783780.61,4.09
2010-10-27 00:00:00,4.07,4.15,4.03,4.04,560926.67,4.04
2010-10-28 00:00:00,4.01,4.07,3.97,4.00,424021.93,4.00
2010-10-29 00:00:00,4.00,4.00,3.95,3.97,363627.41,3.97
2010-11-01 00:00:00,3.98,4.02,3.97,4.00,497238.21,4.00
2010-11-02 00:00:00,4.00,4.00,3.93,3.94,584345.39,3.94
2010-11-03 00:00:00,3.94,3.99,3.92,3.93,382956.93,3.93
2010-11-04 00:00:00,3.93,3.97,3.93,3.97,401178.65,3.97
2010-11-05 00:00:00,3.98,4.06,3.97,4.02,731854.93,4.02
2010-11-09 00:00:00,4.08,4.16,4.07,4.09,1077704.03,4.09
2010-11-10 00:00:00,4.09,4.10,4.00,4.03,586868.57,4.03
2010-11-11 00:00:00,4.02,4.08,4.01,4.02,583245.19,4.02
2010-11-12 00:00:00,4.00,4.00,3.78,3.79,779061.64,3.79
2010-11-15 00:00:00,3.79,3.84,3.77,3.83,370752.78,3.83
2010-11-16 00:00:00,3.80,3.80,3.67,3.68,659830.48,3.68
2010-11-17 00:00:00,3.63,3.68,3.60,3.62,333050.01,3.62
2010-11-18 00:00:00,3.64,3.66,3.60,3.65,321170.68,3.65
2010-11-19 00:00:00,3.66,3.74,3.62,3.71,372441.59,3.71
2010-11-22 00:00:00,3.67,3.87,3.65,3.77,610680.53,3.77
2010-11-23 00:00:00,3.74,3.75,3.62,3.67,358267.73,3.67
2010-11-24 00:00:00,3.65,3.74,3.63,3.72,275079.91,3.72
2010-11-25 00:00:00,3.72,3.74,3.68,3.73,299990.14,3.73
2010-11-26 00:00:00,3.72,3.72,3.65,3.67,241896.84,3.67
2010-11-29 00:00:00,3.66,3.67,3.62,3.65,206100.87,3.65
2010-11-30 00:00:00,3.65,3.66,3.49,3.55,409657.94,3.55
2010-12-01 00:00:00,3.55,3.55,3.51,3.53,205714.15,3.53
2010-12-02 00:00:00,3.58,3.58,3.53,3.55,220095.73,3.55
2010-12-03 00:00:00,3.55,3.55,3.50,3.53,258266.32,3.53
2010-12-06 00:00:00,3.53,3.54,3.45,3.48,316273.51,3.48
2010-12-07 00:00:00,3.48,3.51,3.42,3.50,245736.32,3.50
2010-12-08 00:00:00,3.48,3.52,3.46,3.48,212129.76,3.48
2010-12-09 00:00:00,3.46,3.48,3.43,3.45,204256.95,3.45
2010-12-10 00:00:00,3.45,3.50,3.43,3.49,175484.28,3.49
2010-12-13 00:00:00,3.49,3.58,3.49,3.57,338552.24,3.57
2010-12-14 00:00:00,3.59,3.59,3.55,3.58,265007.60,3.58
2010-12-15 00:00:00,3.58,3.58,3.54,3.56,207352.31,3.56
2010-12-16 00:00:00,3.55,3.57,3.52,3.54,160883.82,3.54
2010-12-17 00:00:00,3.54,3.55,3.51,3.52,116948.20,3.52
2010-12-20 00:00:00,3.53,3.54,3.42,3.46,210141.07,3.46
2010-12-21 00:00:00,3.46,3.53,3.43,3.52,188622.06,3.52
2010-12-22 00:00:00,3.52,3.52,3.46,3.47,152990.02,3.47
2010-12-23 00:00:00,3.47,3.52,3.45,3.46,217549.60,3.46
2010-12-24 00:00:00,3.46,3.49,3.42,3.47,205619.61,3.47
2010-12-27 00:00:00,3.46,3.51,3.43,3.44,242152.95,3.44
2010-12-28 00:00:00,3.43,3.46,3.42,3.44,264196.24,3.44
2010-12-29 00:00:00,3.44,3.44,3.38,3.42,180691.52,3.42
2010-12-30 00:00:00,3.42,3.44,3.40,3.41,162131.47,3.41
2010-12-31 00:00:00,3.41,3.44,3.40,3.43,141770.42,3.43
2011-01-04 00:00:00,3.44,3.48,3.42,3.48,183332.12,3.48
2011-01-05 00:00:00,3.47,3.48,3.42,3.44,169699.86,3.44
2011-01-06 00:00:00,3.44,3.78,3.43,3.58,848799.98,3.58
2011-01-07 00:00:00,3.54,3.66,3.50,3.60,477471.92,3.60
2011-01-10 00:00:00,3.58,3.74,3.55,3.67,481754.99,3.67
2011-01-11 00:00:00,3.65,3.73,3.62,3.70,357653.25,3.70
2011-01-12 00:00:00,3.70,3.72,3.64,3.70,276947.89,3.70
2011-01-13 00:00:00,3.69,3.70,3.63,3.68,257521.26,3.68
2011-01-14 00:00:00,3.65,3.69,3.63,3.66,193633.10,3.66
2011-01-17 00:00:00,3.64,3.68,3.57,3.58,247024.46,3.58
2011-01-18 00:00:00,3.55,3.74,3.55,3.74,344357.97,3.74
2011-01-19 00:00:00,3.71,3.84,3.69,3.80,510563.18,3.80
2011-01-20 00:00:00,3.76,3.80,3.63,3.63,280252.64,3.63
2011-01-21 00:00:00,3.63,3.79,3.62,3.77,394642.16,3.77
2011-01-24 00:00:00,3.77,4.05,3.75,4.00,1134975.15,4.00
2011-01-31 00:00:00,3.90,4.01,3.85,3.98,468658.09,3.98
2011-02-01 00:00:00,3.93,4.01,3.92,3.95,234770.84,3.95
2011-02-09 00:00:00,3.93,4.04,3.90,3.99,333268.78,3.99
2011-02-10 00:00:00,3.98,4.02,3.94,4.02,363874.74,4.02
2011-02-11 00:00:00,4.01,4.01,3.92,3.94,404231.22,3.94
2011-02-14 00:00:00,3.94,4.10,3.91,4.06,840501.73,4.06
2011-02-15 00:00:00,4.07,4.15,4.05,4.06,726551.16,4.06
2011-02-16 00:00:00,4.06,4.37,4.05,4.36,1641922.49,4.36
2011-02-17 00:00:00,4.27,4.33,4.19,4.23,1051982.87,4.23
2011-02-18 00:00:00,4.22,4.26,4.11,4.16,508791.92,4.16
2011-02-21 00:00:00,4.15,4.44,4.12,4.41,1100933.71,4.41
2011-02-22 00:00:00,4.42,4.53,4.31,4.38,884595.74,4.38
2011-02-23 00:00:00,4.36,4.49,4.33,4.48,606573.96,4.48
2011-02-24 00:00:00,4.50,4.50,4.29,4.38,542444.34,4.38
2011-02-28 00:00:00,4.55,4.82,4.48,4.82,2645301.20,4.82
2011-03-01 00:00:00,4.84,4.87,4.68,4.73,1852642.24,4.73
2011-03-02 00:00:00,4.70,4.72,4.58,4.71,1018635.25,4.71
2011-03-03 00:00:00,4.69,4.72,4.52,4.55,763082.14,4.55
2011-03-04 00:00:00,4.58,4.68,4.55,4.65,554243.00,4.65
2011-03-07 00:00:00,4.67,4.72,4.60,4.64,678595.82,4.64
2011-03-08 00:00:00,4.64,4.67,4.60,4.62,463529.68,4.62
2011-03-09 00:00:00,4.62,4.71,4.62,4.68,680881.63,4.68
2011-03-10 00:00:00,4.67,4.67,4.53,4.55,827059.17,4.55
2011-03-11 00:00:00,4.51,4.80,4.49,4.66,1072218.34,4.66
2011-03-15 00:00:00,4.54,4.60,4.37,4.46,1059022.74,4.46
2011-03-16 00:00:00,4.42,4.77,4.42,4.64,1276739.92,4.64
2011-03-17 00:00:00,4.55,4.57,4.46,4.50,686547.17,4.50
2011-03-18 00:00:00,4.53,4.58,4.49,4.55,368341.57,4.55
2011-03-21 00:00:00,4.54,4.61,4.52,4.54,322267.42,4.54
2011-03-22 00:00:00,4.55,4.56,4.46,4.49,312240.30,4.49
2011-03-23 00:00:00,4.48,4.53,4.46,4.51,305068.56,4.51
2011-03-24 00:00:00,4.51,4.52,4.46,4.47,304734.96,4.47
2011-03-28 00:00:00,4.52,4.59,4.50,4.50,429350.15,4.50
2011-03-29 00:00:00,4.50,4.62,4.48,4.57,644788.97,4.57
2011-03-30 00:00:00,4.57,4.74,4.57,4.66,729674.02,4.66
2011-03-31 00:00:00,4.63,4.63,4.32,4.39,1599953.64,4.39
2011-04-01 00:00:00,4.42,4.45,4.32,4.37,725077.02,4.37
2011-04-06 00:00:00,4.41,4.43,4.32,4.35,587771.77,4.35
2011-04-07 00:00:00,4.35,4.42,4.32,4.41,535498.89,4.41
2011-04-08 00:00:00,4.40,4.45,4.38,4.42,398900.29,4.42
2011-04-11 00:00:00,4.46,4.53,4.44,4.47,479671.18,4.47
2011-04-12 00:00:00,4.48,4.75,4.47,4.66,1250194.24,4.66
2011-04-13 00:00:00,4.70,4.90,4.65,4.83,1308559.94,4.83
2011-04-14 00:00:00,4.85,5.30,4.84,5.13,2126110.08,5.13
2011-04-18 00:00:00,5.24,5.34,5.13,5.23,1559279.16,5.23
2011-04-19 00:00:00,5.17,5.75,5.15,5.64,3918351.45,5.64
2011-04-20 00:00:00,5.60,5.68,5.39,5.45,2127808.03,5.45
2011-04-21 00:00:00,5.50,5.85,5.43,5.80,1509804.01,5.80
2011-04-25 00:00:00,5.90,6.38,5.80,6.20,4658993.98,6.20
2011-04-26 00:00:00,5.98,6.04,5.58,5.58,2863593.31,5.58
2011-04-27 00:00:00,5.55,5.97,5.55,5.80,2203116.04,5.80
2011-04-28 00:00:00,5.79,5.95,5.53,5.71,1530994.21,5.71
2011-04-29 00:00:00,5.69,5.82,5.47,5.66,1281924.49,5.66
2011-05-06 00:00:00,5.88,6.23,5.76,6.23,3462898.77,6.23
2011-05-09 00:00:00,6.32,6.40,6.14,6.28,2626573.03,6.28
2011-05-10 00:00:00,6.22,6.31,6.07,6.31,1781111.96,6.31
2011-05-11 00:00:00,6.28,6.70,6.17,6.50,2702028.32,6.50
2011-05-12 00:00:00,6.41,6.53,6.18,6.21,1797675.78,6.21
2011-05-16 00:00:00,6.49,6.68,6.35,6.47,2208934.66,6.47
2011-05-17 00:00:00,6.40,6.86,6.33,6.71,2342719.47,6.71
2011-05-18 00:00:00,6.67,6.70,6.40,6.45,1900691.23,6.45
2011-05-19 00:00:00,3.25,3.40,3.22,3.27,4600630.37,3.27
2011-05-20 00:00:00,3.26,3.26,3.13,3.20,2931369.71,3.20
2011-05-23 00:00:00,3.17,3.18,3.00,3.01,3091398.59,3.01
2011-05-24 00:00:00,2.90,2.91,2.72,2.88,3619347.46,2.88
2011-05-25 00:00:00,2.83,3.00,2.77,2.90,2784042.27,2.90
2011-05-26 00:00:00,2.90,2.94,2.76,2.77,2450241.95,2.77
2011-05-27 00:00:00,2.73,2.74,2.60,2.61,2674996.25,2.61
2011-05-30 00:00:00,2.59,2.67,2.57,2.61,1598028.64,2.61
2011-05-31 00:00:00,2.62,2.72,2.57,2.71,2263813.04,2.71
2011-06-01 00:00:00,2.69,2.71,2.65,2.68,1554730.17,2.68
2011-06-02 00:00:00,2.64,2.70,2.59,2.66,1728828.02,2.66
2011-06-03 00:00:00,2.67,2.72,2.65,2.68,1561181.14,2.68
2011-06-07 00:00:00,2.66,2.73,2.63,2.72,2011124.04,2.72
2011-06-08 00:00:00,2.70,2.99,2.67,2.99,4141260.08,2.99
2011-06-09 00:00:00,3.00,3.17,2.96,3.17,4617056.72,3.17
2011-06-10 00:00:00,2.97,3.15,2.92,3.03,4138218.07,3.03
2011-06-13 00:00:00,2.98,3.10,2.88,3.05,2626797.10,3.05
2011-06-14 00:00:00,3.01,3.18,3.00,3.08,3082446.41,3.08
2011-06-15 00:00:00,3.05,3.13,3.03,3.04,2070511.17,3.04
2011-06-16 00:00:00,3.01,3.06,2.93,2.96,1745320.84,2.96
2011-06-17 00:00:00,2.96,3.02,2.89,2.89,1631492.95,2.89
2011-06-21 00:00:00,2.88,2.93,2.78,2.90,1770568.82,2.90
2011-06-22 00:00:00,2.90,2.95,2.84,2.90,1380135.37,2.90
2011-06-23 00:00:00,2.88,2.95,2.83,2.92,1606721.73,2.92
2011-06-24 00:00:00,2.90,3.02,2.89,2.98,2416935.31,2.98
2011-06-27 00:00:00,3.04,3.07,2.97,3.01,1942718.41,3.01
2011-06-28 00:00:00,3.01,3.08,2.97,3.06,2627243.59,3.06
2011-06-29 00:00:00,3.04,3.05,2.96,2.97,1959575.63,2.97
2011-06-30 00:00:00,2.96,3.02,2.95,2.99,1253592.74,2.99
2011-07-01 00:00:00,2.99,3.00,2.96,2.97,1237978.24,2.97
2011-07-04 00:00:00,2.97,3.08,2.96,3.05,3394386.87,3.05
2011-07-05 00:00:00,3.03,3.04,2.98,3.00,2623935.90,3.00
2011-07-06 00:00:00,2.99,3.06,2.96,3.02,2552949.91,3.02
2011-07-07 00:00:00,3.00,3.04,2.97,2.97,2023010.25,2.97
2011-07-08 00:00:00,3.00,3.03,2.98,3.00,1669069.01,3.00
2011-07-11 00:00:00,2.99,3.00,2.96,2.98,1253766.26,2.98
2011-07-12 00:00:00,2.97,2.97,2.90,2.91,1591576.86,2.91
2011-07-13 00:00:00,2.90,2.94,2.89,2.93,1218298.73,2.93
2011-07-15 00:00:00,2.96,2.99,2.93,2.94,1386542.92,2.94
2011-07-18 00:00:00,2.94,2.95,2.89,2.91,1447264.22,2.91
2011-07-19 00:00:00,2.89,2.90,2.82,2.84,1377032.64,2.84
2011-07-20 00:00:00,2.86,2.87,2.80,2.84,831830.08,2.84
2011-07-21 00:00:00,2.84,2.84,2.79,2.79,705529.23,2.79
2011-07-22 00:00:00,2.80,2.81,2.78,2.80,614055.73,2.80
2011-07-25 00:00:00,2.79,2.79,2.67,2.67,1205095.78,2.67
2011-07-26 00:00:00,2.66,2.89,2.64,2.85,1632218.78,2.85
2011-07-27 00:00:00,2.82,2.83,2.77,2.80,1115709.50,2.80
2011-07-28 00:00:00,2.77,2.77,2.71,2.72,903648.27,2.72
2011-07-29 00:00:00,2.72,2.74,2.68,2.70,711456.70,2.70
2011-08-01 00:00:00,2.69,2.70,2.60,2.67,799824.46,2.67
2011-08-02 00:00:00,2.67,2.78,2.63,2.70,1086042.22,2.70
2011-08-03 00:00:00,2.66,2.68,2.63,2.65,1551442.66,2.65
2011-08-04 00:00:00,2.65,2.65,2.59,2.61,2292463.20,2.61
2011-08-05 00:00:00,2.54,2.54,2.48,2.51,1477483.23,2.51
2011-08-08 00:00:00,2.48,2.53,2.27,2.37,1761989.01,2.37
2011-08-09 00:00:00,2.30,2.38,2.24,2.36,1736019.05,2.36
2011-08-10 00:00:00,2.41,2.44,2.34,2.35,1838276.99,2.35
2011-08-11 00:00:00,2.35,2.41,2.31,2.40,2403893.21,2.40
2011-08-12 00:00:00,2.41,2.58,2.41,2.47,4202542.60,2.47
2011-08-15 00:00:00,2.49,2.52,2.43,2.50,3532756.21,2.50
2011-08-16 00:00:00,2.49,2.49,2.44,2.46,1494239.18,2.46
2011-08-17 00:00:00,2.45,2.49,2.41,2.46,1578806.17,2.46
2011-08-18 00:00:00,2.45,2.45,2.37,2.38,1527447.48,2.38
2011-08-19 00:00:00,2.33,2.36,2.31,2.35,1129853.10,2.35
2011-08-22 00:00:00,2.35,2.38,2.32,2.34,819356.25,2.34
2011-08-23 00:00:00,2.35,2.37,2.33,2.37,1103888.29,2.37
2011-08-24 00:00:00,2.37,2.38,2.33,2.34,937852.60,2.34
2011-08-25 00:00:00,2.35,2.45,2.34,2.43,2098764.81,2.43
2011-08-26 00:00:00,2.41,2.41,2.37,2.40,1360725.65,2.40
2011-08-29 00:00:00,2.39,2.42,2.37,2.40,1110085.80,2.40
2011-08-30 00:00:00,2.41,2.43,2.37,2.37,1158259.48,2.37
2011-08-31 00:00:00,2.37,2.37,2.32,2.35,988507.64,2.35
2011-09-01 00:00:00,2.34,2.36,2.32,2.33,774230.67,2.33
2011-09-02 00:00:00,2.32,2.33,2.29,2.31,961139.50,2.31
2011-09-05 00:00:00,2.28,2.29,2.26,2.26,713263.41,2.26
2011-09-06 00:00:00,2.24,2.26,2.23,2.26,592769.29,2.26
2011-09-07 00:00:00,2.26,2.30,2.26,2.30,637365.64,2.30
2011-09-08 00:00:00,2.30,2.31,2.26,2.26,598955.37,2.26
2011-09-09 00:00:00,2.26,2.31,2.26,2.27,565535.92,2.27
2011-09-13 00:00:00,2.24,2.25,2.23,2.24,552660.79,2.24
2011-09-14 00:00:00,2.24,2.25,2.19,2.23,1237487.24,2.23
2011-09-15 00:00:00,2.23,2.25,2.21,2.22,1339350.94,2.22
2011-09-16 00:00:00,2.23,2.24,2.19,2.20,1404232.84,2.20
2011-09-19 00:00:00,2.19,2.19,2.11,2.12,1635040.94,2.12
2011-09-20 00:00:00,2.10,2.14,2.09,2.13,1373774.94,2.13
2011-09-21 00:00:00,2.11,2.22,2.09,2.19,1937330.66,2.19
2011-09-22 00:00:00,2.16,2.18,2.11,2.11,1425764.27,2.11
2011-09-23 00:00:00,2.08,2.11,2.05,2.10,1050375.67,2.10
2011-09-26 00:00:00,2.14,2.27,2.14,2.20,3051458.31,2.20
2011-09-27 00:00:00,2.22,2.24,2.15,2.19,1605555.08,2.19
2011-09-28 00:00:00,2.20,2.21,2.13,2.14,1147442.43,2.14
2011-09-29 00:00:00,2.13,2.14,2.08,2.09,1401198.36,2.09
2011-09-30 00:00:00,2.10,2.12,2.07,2.12,950473.09,2.12
2011-10-10 00:00:00,2.13,2.15,2.11,2.12,1018096.18,2.12
2011-10-11 00:00:00,2.18,2.20,2.13,2.16,1518569.54,2.16
2011-10-12 00:00:00,2.14,2.23,2.11,2.22,2678852.22,2.22
2011-10-13 00:00:00,2.32,2.38,2.27,2.30,4107579.26,2.30
2011-10-14 00:00:00,2.26,2.30,2.22,2.29,2182594.87,2.29
2011-10-17 00:00:00,2.28,2.31,2.24,2.26,1319113.96,2.26
2011-10-18 00:00:00,2.23,2.24,2.19,2.19,1252163.85,2.19
2011-10-19 00:00:00,2.20,2.21,2.15,2.17,1046915.18,2.17
2011-10-20 00:00:00,2.16,2.17,2.12,2.13,1128441.15,2.13
2011-10-21 00:00:00,2.12,2.14,2.10,2.14,816969.18,2.14
2011-10-24 00:00:00,2.13,2.19,2.11,2.17,1290753.61,2.17
2011-10-25 00:00:00,2.16,2.24,2.12,2.22,2187802.97,2.22
2011-10-26 00:00:00,2.19,2.29,2.18,2.24,3091452.19,2.24
2011-10-27 00:00:00,2.24,2.25,2.21,2.21,1911709.27,2.21
2011-10-28 00:00:00,2.23,2.27,2.21,2.25,2247627.01,2.25
2011-10-31 00:00:00,2.23,2.24,2.20,2.22,1501881.77,2.22
2011-11-01 00:00:00,2.19,2.26,2.19,2.23,1753012.23,2.23
2011-11-02 00:00:00,2.21,2.25,2.18,2.25,2047486.98,2.25
2011-11-03 00:00:00,2.26,2.28,2.23,2.24,2937763.71,2.24
2011-11-04 00:00:00,2.25,2.27,2.22,2.24,1792154.57,2.24
2011-11-07 00:00:00,2.23,2.24,2.20,2.21,1512427.33,2.21
2011-11-08 00:00:00,2.20,2.21,2.16,2.18,2608625.08,2.18
2011-11-09 00:00:00,2.17,2.19,2.13,2.17,2701764.41,2.17
2011-11-10 00:00:00,2.15,2.15,2.12,2.13,1995680.00,2.13
2011-11-11 00:00:00,2.13,2.16,2.13,2.14,1146881.69,2.14
2011-11-14 00:00:00,2.14,2.17,2.14,2.16,1334527.12,2.16
2011-11-15 00:00:00,2.16,2.16,2.14,2.15,1110065.95,2.15
2011-11-16 00:00:00,2.15,2.21,2.13,2.17,2978737.50,2.17
2011-11-17 00:00:00,2.15,2.16,2.13,2.14,1247255.00,2.14
2011-11-18 00:00:00,2.13,2.14,2.10,2.11,1280458.46,2.11
2011-11-21 00:00:00,2.11,2.12,2.09,2.11,598031.18,2.11
2011-11-22 00:00:00,2.09,2.11,2.09,2.10,723672.88,2.10
2011-11-23 00:00:00,2.10,2.11,2.08,2.08,636907.23,2.08
2011-11-24 00:00:00,2.07,2.08,2.05,2.07,892319.89,2.07
2011-11-25 00:00:00,2.07,2.08,2.05,2.06,618135.71,2.06
2011-11-28 00:00:00,2.06,2.07,2.05,2.06,594686.21,2.06
2011-11-29 00:00:00,2.07,2.08,2.06,2.07,519632.28,2.07
2011-11-30 00:00:00,2.07,2.08,1.99,2.00,1456081.85,2.00
2011-12-01 00:00:00,2.04,2.06,2.02,2.03,1161701.32,2.03
2011-12-02 00:00:00,2.03,2.03,1.99,2.01,807165.35,2.01
2011-12-05 00:00:00,2.00,2.01,1.97,1.97,782429.97,1.97
2011-12-06 00:00:00,1.97,1.99,1.97,1.98,700533.46,1.98
2011-12-07 00:00:00,1.98,2.00,1.98,1.99,523960.70,1.99
2011-12-08 00:00:00,1.99,2.00,1.96,1.98,607628.91,1.98
2011-12-09 00:00:00,1.97,1.98,1.96,1.96,491891.61,1.96
2011-12-12 00:00:00,1.97,1.97,1.93,1.94,591532.89,1.94
2011-12-13 00:00:00,1.92,1.93,1.85,1.86,1162338.57,1.86
2011-12-14 00:00:00,1.85,1.86,1.80,1.81,852065.42,1.81
2011-12-15 00:00:00,1.80,1.80,1.73,1.74,1234413.22,1.74
2011-12-16 00:00:00,1.74,1.80,1.73,1.80,1025720.86,1.80
2011-12-19 00:00:00,1.78,1.81,1.76,1.81,1099857.44,1.81
2011-12-20 00:00:00,1.80,1.82,1.78,1.80,811559.86,1.80
2011-12-21 00:00:00,1.82,1.83,1.77,1.78,702455.17,1.78
2011-12-22 00:00:00,1.76,1.78,1.71,1.76,1038215.46,1.76
2011-12-23 00:00:00,1.75,1.79,1.74,1.78,718452.34,1.78
2011-12-26 00:00:00,1.78,1.82,1.76,1.79,880285.46,1.79
2011-12-27 00:00:00,1.79,1.80,1.77,1.77,578530.52,1.77
2011-12-28 00:00:00,1.77,1.82,1.76,1.82,1395844.13,1.82
2011-12-29 00:00:00,1.82,1.85,1.81,1.83,966099.07,1.83
2011-12-30 00:00:00,1.83,1.84,1.82,1.84,637512.33,1.84
2012-01-04 00:00:00,1.85,1.86,1.81,1.81,798235.97,1.81
2012-01-05 00:00:00,1.81,1.88,1.80,1.86,1763577.79,1.86
2012-01-06 00:00:00,1.86,1.88,1.82,1.87,986654.07,1.87
2012-01-10 00:00:00,1.94,2.06,1.92,2.06,4678530.43,2.06
2012-01-11 00:00:00,2.10,2.15,2.04,2.06,4743179.27,2.06
2012-01-12 00:00:00,2.04,2.07,2.00,2.02,1940480.87,2.02
2012-01-13 00:00:00,2.02,2.05,1.98,2.00,1370157.16,2.00
2012-01-16 00:00:00,1.98,2.01,1.97,1.98,810378.97,1.98
2012-01-17 00:00:00,1.98,2.10,1.97,2.08,1728002.25,2.08
2012-01-18 00:00:00,2.08,2.09,2.01,2.03,1335448.65,2.03
2012-01-19 00:00:00,2.03,2.06,2.02,2.05,902781.32,2.05
2012-01-20 00:00:00,2.06,2.07,2.03,2.06,940803.04,2.06
2012-01-30 00:00:00,2.07,2.07,2.03,2.04,726634.66,2.04
2012-01-31 00:00:00,2.04,2.05,2.02,2.03,567734.96,2.03
2012-02-01 00:00:00,2.03,2.05,2.02,2.04,642622.31,2.04
2012-02-02 00:00:00,2.04,2.06,2.03,2.06,725184.41,2.06
2012-02-03 00:00:00,2.05,2.07,2.04,2.06,989345.34,2.06
2012-02-06 00:00:00,2.06,2.07,2.05,2.05,752328.69,2.05
2012-02-07 00:00:00,2.05,2.06,2.01,2.03,923813.74,2.03
2012-02-08 00:00:00,2.02,2.07,2.02,2.07,1126144.75,2.07
2012-02-09 00:00:00,2.06,2.13,2.05,2.10,2029811.08,2.10
2012-02-10 00:00:00,2.09,2.11,2.07,2.09,1295900.36,2.09
2012-02-13 00:00:00,2.07,2.11,2.06,2.09,1275844.45,2.09
2012-02-14 00:00:00,2.08,2.09,2.06,2.07,812205.28,2.07
2012-02-15 00:00:00,2.07,2.13,2.06,2.12,2067113.06,2.12
2012-02-16 00:00:00,2.11,2.12,2.07,2.10,1511804.87,2.10
2012-02-17 00:00:00,2.10,2.11,2.06,2.08,947573.58,2.08
2012-02-20 00:00:00,2.10,2.27,2.09,2.17,4851655.90,2.17
2012-02-21 00:00:00,2.15,2.28,2.14,2.28,4865430.51,2.28
2012-02-22 00:00:00,2.29,2.38,2.26,2.34,4956839.54,2.34
2012-02-23 00:00:00,2.34,2.36,2.28,2.33,3055014.43,2.33
2012-02-24 00:00:00,2.32,2.35,2.30,2.34,2171093.48,2.34
2012-02-28 00:00:00,2.46,2.53,2.36,2.39,4796871.66,2.39
2012-02-29 00:00:00,2.37,2.38,2.30,2.31,2487306.88,2.31
2012-03-01 00:00:00,2.30,2.33,2.28,2.32,1662704.41,2.32
2012-03-02 00:00:00,2.31,2.42,2.30,2.42,3368505.04,2.42
2012-03-05 00:00:00,2.42,2.53,2.42,2.47,4860912.32,2.47
2012-03-06 00:00:00,2.45,2.46,2.38,2.43,2613531.80,2.43
2012-03-07 00:00:00,2.39,2.47,2.37,2.42,2144310.03,2.42
2012-03-08 00:00:00,2.44,2.46,2.39,2.42,2066788.70,2.42
2012-03-09 00:00:00,2.42,2.43,2.37,2.41,1759689.90,2.41
2012-03-12 00:00:00,2.42,2.45,2.38,2.40,2136861.25,2.40
2012-03-13 00:00:00,2.40,2.41,2.36,2.39,1660272.70,2.39
2012-03-14 00:00:00,2.39,2.40,2.23,2.27,3303950.00,2.27
2012-03-15 00:00:00,2.26,2.29,2.18,2.20,2379440.67,2.20
2012-03-16 00:00:00,2.20,2.24,2.18,2.24,1643670.32,2.24
2012-03-19 00:00:00,2.24,2.24,2.20,2.22,1219159.74,2.22
2012-03-20 00:00:00,2.22,2.22,2.18,2.19,1220893.29,2.19
2012-03-21 00:00:00,2.20,2.24,2.17,2.21,1378618.14,2.21
2012-03-22 00:00:00,2.20,2.30,2.18,2.26,2003552.55,2.26
2012-03-23 00:00:00,2.24,2.25,2.20,2.22,1072558.47,2.22
2012-03-26 00:00:00,2.20,2.22,2.18,2.20,689746.55,2.20
2012-03-27 00:00:00,2.20,2.22,2.18,2.19,652057.20,2.19
2012-03-28 00:00:00,2.19,2.19,2.07,2.08,1618552.94,2.08
2012-03-29 00:00:00,2.07,2.08,2.00,2.03,1161998.86,2.03
2012-03-30 00:00:00,2.03,2.05,2.01,2.04,659050.82,2.04
2012-04-05 00:00:00,2.04,2.10,2.03,2.09,1088740.86,2.09
2012-04-06 00:00:00,2.09,2.12,2.07,2.11,911394.29,2.11
2012-04-09 00:00:00,2.10,2.10,2.07,2.07,636135.50,2.07
2012-04-10 00:00:00,2.11,2.28,2.11,2.23,3337288.65,2.23
2012-04-11 00:00:00,2.19,2.28,2.18,2.26,2078324.11,2.26
2012-04-12 00:00:00,2.25,2.26,2.20,2.25,1685220.93,2.25
2012-04-16 00:00:00,2.18,2.20,2.14,2.19,1661520.62,2.19
2012-04-17 00:00:00,2.18,2.19,2.15,2.15,908417.15,2.15
2012-04-18 00:00:00,2.15,2.20,2.15,2.19,1028965.70,2.19
2012-04-19 00:00:00,2.19,2.19,2.16,2.17,670594.22,2.17
2012-04-20 00:00:00,2.18,2.20,2.16,2.19,874009.80,2.19
2012-04-23 00:00:00,2.19,2.19,2.14,2.17,1216093.09,2.17
2012-04-24 00:00:00,2.15,2.17,2.10,2.12,1283605.99,2.12
2012-04-25 00:00:00,2.12,2.15,2.09,2.14,1603940.47,2.14
2012-04-26 00:00:00,2.14,2.14,2.11,2.12,889914.97,2.12
2012-04-27 00:00:00,2.10,2.11,2.09,2.10,744868.31,2.10
2012-05-02 00:00:00,2.13,2.15,2.11,2.14,1055934.68,2.14
2012-05-03 00:00:00,2.13,2.13,2.11,2.12,657446.89,2.12
2012-05-04 00:00:00,2.12,2.20,2.11,2.19,2359327.22,2.19
2012-05-07 00:00:00,2.16,2.21,2.16,2.20,1418286.53,2.20
2012-05-08 00:00:00,2.23,2.24,2.19,2.21,1284359.21,2.21
2012-05-09 00:00:00,2.19,2.20,2.15,2.16,1140687.25,2.16
2012-05-10 00:00:00,2.15,2.18,2.15,2.18,650060.44,2.18
2012-05-11 00:00:00,2.15,2.18,2.12,2.14,1181265.44,2.14
2012-05-14 00:00:00,2.16,2.16,2.12,2.12,943666.05,2.12
2012-05-15 00:00:00,2.11,2.20,2.10,2.19,2366144.32,2.19
2012-05-16 00:00:00,2.19,2.25,2.17,2.18,2026951.80,2.18
2012-05-17 00:00:00,2.21,2.24,2.18,2.20,1644925.11,2.20
2012-05-18 00:00:00,2.18,2.20,2.15,2.16,919545.72,2.16
2012-05-21 00:00:00,2.15,2.20,2.15,2.18,998702.41,2.18
2012-05-22 00:00:00,2.19,2.20,2.15,2.18,1013038.91,2.18
2012-05-23 00:00:00,2.18,2.18,2.14,2.16,763139.71,2.16
2012-05-24 00:00:00,2.15,2.16,2.14,2.15,614117.94,2.15
2012-05-25 00:00:00,2.15,2.16,2.12,2.13,573581.25,2.13
2012-05-28 00:00:00,2.13,2.15,2.09,2.14,950586.64,2.14
2012-05-29 00:00:00,2.15,2.20,2.14,2.18,1523361.97,2.18
2012-05-30 00:00:00,2.17,2.18,2.16,2.17,733143.48,2.17
2012-05-31 00:00:00,2.16,2.19,2.14,2.18,913846.78,2.18
2012-06-01 00:00:00,2.17,2.19,2.15,2.16,760131.56,2.16
2012-06-04 00:00:00,2.13,2.14,2.10,2.10,1026296.90,2.10
2012-06-05 00:00:00,2.11,2.13,2.10,2.11,552240.36,2.11
2012-06-06 00:00:00,2.11,2.13,2.10,2.11,435915.64,2.11
2012-06-07 00:00:00,2.12,2.13,2.09,2.10,592119.10,2.10
2012-06-08 00:00:00,2.12,2.12,2.10,2.11,543746.45,2.11
2012-06-11 00:00:00,2.10,2.13,2.09,2.12,713865.75,2.12
2012-06-12 00:00:00,2.10,2.11,2.08,2.09,710248.50,2.09
2012-06-13 00:00:00,2.09,2.11,2.08,2.11,585541.05,2.11
2012-06-14 00:00:00,2.10,2.11,2.08,2.09,507042.01,2.09
2012-06-15 00:00:00,2.09,2.10,2.08,2.10,463727.12,2.10
2012-06-18 00:00:00,2.10,2.12,2.09,2.11,588121.94,2.11
2012-06-19 00:00:00,2.10,2.11,2.08,2.08,451857.56,2.08
2012-06-20 00:00:00,2.09,2.10,2.08,2.09,330861.04,2.09
2012-06-21 00:00:00,2.09,2.09,2.06,2.06,578135.49,2.06
2012-06-25 00:00:00,2.06,2.07,2.03,2.03,591520.23,2.03
2012-06-26 00:00:00,2.02,2.03,2.00,2.02,593386.44,2.02
2012-06-27 00:00:00,2.02,2.04,2.02,2.03,559457.28,2.03
2012-06-28 00:00:00,2.03,2.04,2.00,2.01,536390.76,2.01
2012-06-29 00:00:00,2.01,2.03,1.99,2.03,670862.97,2.03
2012-07-02 00:00:00,2.03,2.04,2.00,2.02,716583.02,2.02
2012-07-03 00:00:00,2.01,2.03,2.00,2.02,613692.99,2.02
2012-07-04 00:00:00,2.01,2.02,1.98,1.99,741269.86,1.99
2012-07-05 00:00:00,1.99,1.99,1.95,1.96,605965.10,1.96
2012-07-06 00:00:00,1.97,2.00,1.96,1.99,589233.07,1.99
2012-07-09 00:00:00,1.98,1.99,1.92,1.93,634489.55,1.93
2012-07-10 00:00:00,1.93,1.95,1.92,1.94,399221.56,1.94
2012-07-11 00:00:00,1.94,1.95,1.93,1.95,378597.62,1.95
2012-07-12 00:00:00,1.95,1.96,1.93,1.96,632738.37,1.96
2012-07-13 00:00:00,1.95,1.96,1.94,1.94,365565.66,1.94
2012-07-16 00:00:00,1.94,1.95,1.87,1.87,809224.04,1.87
2012-07-17 00:00:00,1.87,1.89,1.86,1.89,554694.65,1.89
2012-07-18 00:00:00,1.88,1.89,1.84,1.87,662857.88,1.87
2012-07-19 00:00:00,1.87,1.91,1.85,1.89,990619.38,1.89
2012-07-20 00:00:00,1.88,1.96,1.87,1.92,1074877.17,1.92
2012-07-23 00:00:00,1.90,1.90,1.88,1.89,539535.43,1.89
2012-07-24 00:00:00,1.88,1.92,1.87,1.90,445877.30,1.90
2012-07-25 00:00:00,1.89,1.90,1.87,1.87,348698.57,1.87
2012-07-26 00:00:00,1.87,1.89,1.86,1.87,359766.67,1.87
2012-07-27 00:00:00,1.88,1.89,1.87,1.88,270402.99,1.88
2012-07-30 00:00:00,1.88,1.89,1.85,1.86,350062.77,1.86
2012-07-31 00:00:00,1.86,1.86,1.83,1.85,414814.72,1.85
2012-08-01 00:00:00,1.84,1.88,1.84,1.87,351537.94,1.87
2012-08-02 00:00:00,1.86,1.88,1.85,1.85,333224.04,1.85
2012-08-03 00:00:00,1.85,1.87,1.84,1.87,336266.54,1.87
2012-08-06 00:00:00,1.86,1.90,1.85,1.89,684299.21,1.89
2012-08-07 00:00:00,1.89,1.90,1.87,1.90,672889.54,1.90
2012-08-08 00:00:00,1.90,1.96,1.89,1.92,1060295.78,1.92
2012-08-09 00:00:00,1.92,1.94,1.90,1.93,567664.26,1.93
2012-08-10 00:00:00,1.92,1.93,1.89,1.90,604195.17,1.90
2012-08-13 00:00:00,1.90,1.90,1.87,1.87,501261.59,1.87
2012-08-14 00:00:00,1.87,1.90,1.86,1.89,609971.70,1.89
2012-08-15 00:00:00,1.88,1.92,1.88,1.90,536331.61,1.90
2012-08-16 00:00:00,1.90,1.91,1.88,1.89,482422.81,1.89
2012-08-17 00:00:00,1.89,1.91,1.89,1.90,427009.67,1.90
2012-08-20 00:00:00,1.89,1.90,1.87,1.88,321682.63,1.88
2012-08-21 00:00:00,1.88,1.90,1.87,1.89,337526.45,1.89
2012-08-22 00:00:00,1.89,1.90,1.88,1.88,318947.60,1.88
2012-08-23 00:00:00,1.88,1.90,1.88,1.89,335201.40,1.89
2012-08-24 00:00:00,1.89,1.89,1.86,1.87,342093.53,1.87
2012-08-27 00:00:00,1.87,1.87,1.84,1.84,428856.84,1.84
2012-08-28 00:00:00,1.84,1.86,1.83,1.85,314572.43,1.85
2012-08-29 00:00:00,1.85,1.86,1.84,1.84,304141.58,1.84
2012-08-30 00:00:00,1.84,1.87,1.83,1.85,526775.96,1.85
2012-08-31 00:00:00,1.85,1.86,1.83,1.85,404281.05,1.85
2012-09-03 00:00:00,1.84,1.85,1.82,1.84,674302.17,1.84
2012-09-04 00:00:00,1.84,1.85,1.82,1.82,431737.20,1.82
2012-09-05 00:00:00,1.82,1.83,1.80,1.81,572823.06,1.81
2012-09-06 00:00:00,1.81,1.82,1.80,1.82,486336.65,1.82
2012-09-07 00:00:00,1.83,1.91,1.83,1.87,1575567.79,1.87
2012-09-10 00:00:00,1.87,1.90,1.87,1.89,780288.84,1.89
2012-09-11 00:00:00,1.88,1.89,1.85,1.88,550079.11,1.88
2012-09-12 00:00:00,1.88,1.89,1.86,1.88,469537.28,1.88
2012-09-13 00:00:00,1.87,1.90,1.86,1.88,806221.02,1.88
2012-09-14 00:00:00,1.88,2.04,1.86,1.98,2776974.37,1.98
2012-09-17 00:00:00,1.96,1.97,1.90,1.90,1608432.76,1.90
2012-09-18 00:00:00,1.89,1.91,1.88,1.89,691174.21,1.89
2012-09-19 00:00:00,1.88,1.96,1.88,1.93,1092963.66,1.93
2012-09-20 00:00:00,1.91,1.92,1.86,1.87,877065.99,1.87
2012-09-21 00:00:00,1.86,1.88,1.85,1.86,519102.09,1.86
2012-09-24 00:00:00,1.85,1.87,1.83,1.85,545659.10,1.85
2012-09-25 00:00:00,1.85,1.87,1.84,1.86,355851.41,1.86
2012-09-26 00:00:00,1.86,1.86,1.83,1.83,396631.73,1.83
2012-09-27 00:00:00,1.83,1.89,1.82,1.87,772956.88,1.87
2012-09-28 00:00:00,1.86,1.90,1.85,1.90,687833.94,1.90
2012-10-08 00:00:00,1.90,1.91,1.86,1.87,525897.92,1.87
2012-10-09 00:00:00,1.87,1.92,1.87,1.91,933252.73,1.91
2012-10-10 00:00:00,1.90,1.98,1.90,1.95,1777746.21,1.95
2012-10-11 00:00:00,1.93,1.97,1.92,1.93,1021515.93,1.93
2012-10-12 00:00:00,1.93,1.95,1.91,1.93,577506.80,1.93
2012-10-15 00:00:00,1.93,1.96,1.92,1.94,677470.16,1.94
2012-10-16 00:00:00,1.93,1.94,1.92,1.92,517758.55,1.92
2012-10-17 00:00:00,1.93,1.97,1.92,1.94,885308.43,1.94
2012-10-18 00:00:00,1.95,1.99,1.94,1.97,1477637.84,1.97
2012-10-19 00:00:00,1.97,1.99,1.96,1.97,955093.13,1.97
2012-10-22 00:00:00,1.96,1.98,1.94,1.97,735490.73,1.97
2012-10-23 00:00:00,1.97,1.98,1.95,1.96,706023.74,1.96
2012-10-24 00:00:00,1.95,2.08,1.94,2.02,2348604.00,2.02
2012-10-25 00:00:00,2.01,2.07,2.00,2.01,1873339.41,2.01
2012-10-26 00:00:00,2.01,2.02,1.94,1.96,1098194.12,1.96
2012-10-29 00:00:00,1.94,1.97,1.92,1.94,761274.08,1.94
2012-10-30 00:00:00,1.94,1.95,1.92,1.93,513382.12,1.93
2012-10-31 00:00:00,1.93,1.99,1.92,1.98,1241010.15,1.98
2012-11-01 00:00:00,1.97,2.00,1.96,1.99,972416.32,1.99
2012-11-02 00:00:00,2.00,2.00,1.97,1.99,563306.38,1.99
2012-11-05 00:00:00,1.98,2.04,1.98,2.03,1152479.89,2.03
2012-11-06 00:00:00,2.03,2.10,2.03,2.07,2395118.45,2.07
2012-11-07 00:00:00,2.07,2.10,2.05,2.07,1188878.50,2.07
2012-11-08 00:00:00,2.07,2.08,2.02,2.03,851080.02,2.03
2012-11-09 00:00:00,2.02,2.07,2.01,2.06,822575.32,2.06
2012-11-12 00:00:00,2.06,2.12,2.05,2.11,1719146.57,2.11
2012-11-13 00:00:00,2.11,2.11,2.05,2.05,859614.97,2.05
2012-11-14 00:00:00,2.05,2.06,2.03,2.05,518731.57,2.05
2012-11-15 00:00:00,2.06,2.10,2.05,2.05,1095718.80,2.05
2012-11-16 00:00:00,2.05,2.07,2.02,2.06,717315.00,2.06
2012-11-19 00:00:00,2.06,2.06,2.03,2.05,390013.53,2.05
2012-11-20 00:00:00,2.06,2.09,2.05,2.08,934144.66,2.08
2012-11-21 00:00:00,2.09,2.15,2.09,2.13,1713143.70,2.13
2012-11-22 00:00:00,2.12,2.14,2.10,2.12,585740.26,2.12
2012-11-23 00:00:00,2.12,2.13,2.10,2.12,428286.22,2.12
2012-11-26 00:00:00,2.12,2.12,2.06,2.07,796961.34,2.07
2012-11-27 00:00:00,2.07,2.08,2.04,2.04,704064.83,2.04
2012-11-28 00:00:00,2.03,2.04,2.00,2.03,690178.59,2.03
2012-11-29 00:00:00,2.04,2.06,2.03,2.05,475224.93,2.05
2012-11-30 00:00:00,2.05,2.12,2.05,2.11,1016626.59,2.11
2012-12-03 00:00:00,2.11,2.14,2.09,2.10,1127911.01,2.10
2012-12-04 00:00:00,2.09,2.13,2.09,2.12,597117.56,2.12
2012-12-05 00:00:00,2.12,2.20,2.11,2.17,1830689.77,2.17
2012-12-06 00:00:00,2.17,2.22,2.16,2.17,995024.71,2.17
2012-12-07 00:00:00,2.18,2.21,2.16,2.19,1224240.21,2.19
2012-12-10 00:00:00,2.20,2.22,2.18,2.19,987978.20,2.19
2012-12-11 00:00:00,2.19,2.19,2.15,2.15,839729.85,2.15
2012-12-12 00:00:00,2.15,2.17,2.14,2.17,514539.61,2.17
2012-12-13 00:00:00,2.16,2.17,2.12,2.12,701531.81,2.12
2012-12-14 00:00:00,2.13,2.22,2.12,2.20,1621570.40,2.20
2012-12-17 00:00:00,2.20,2.22,2.15,2.17,1331555.27,2.17
2012-12-18 00:00:00,2.16,2.20,2.15,2.17,1149118.53,2.17
2012-12-19 00:00:00,2.17,2.17,2.14,2.15,801695.81,2.15
2012-12-20 00:00:00,2.14,2.16,2.12,2.15,921412.10,2.15
2012-12-21 00:00:00,2.18,2.20,2.17,2.19,1492446.46,2.19
2012-12-24 00:00:00,2.17,2.25,2.17,2.20,1313449.40,2.20
2012-12-25 00:00:00,2.19,2.24,2.17,2.22,1454025.21,2.22
2012-12-26 00:00:00,2.22,2.23,2.19,2.22,1474497.66,2.22
2012-12-27 00:00:00,2.21,2.23,2.18,2.19,957344.82,2.19
2012-12-28 00:00:00,2.19,2.20,2.18,2.19,738341.46,2.19
2012-12-31 00:00:00,2.20,2.21,2.18,2.19,913350.82,2.19
2013-01-04 00:00:00,2.20,2.21,2.16,2.21,1603589.32,2.21
2013-01-07 00:00:00,2.21,2.26,2.20,2.25,2446465.65,2.25
2013-01-08 00:00:00,2.25,2.25,2.21,2.24,1223850.55,2.24
2013-01-09 00:00:00,2.23,2.24,2.20,2.22,1173131.58,2.22
2013-01-10 00:00:00,2.22,2.23,2.20,2.22,805958.97,2.22
2013-01-11 00:00:00,2.22,2.26,2.21,2.24,2088046.03,2.24
2013-01-14 00:00:00,2.24,2.32,2.23,2.30,2075912.22,2.30
2013-01-15 00:00:00,2.30,2.35,2.28,2.32,1228019.69,2.32
2013-01-16 00:00:00,2.34,2.48,2.33,2.43,3386509.86,2.43
2013-01-17 00:00:00,2.43,2.43,2.38,2.39,1444573.35,2.39
2013-01-18 00:00:00,2.40,2.52,2.39,2.48,2071374.27,2.48
2013-01-21 00:00:00,2.50,2.51,2.45,2.48,1089370.59,2.48
2013-01-22 00:00:00,2.48,2.49,2.38,2.41,1408247.32,2.41
2013-01-23 00:00:00,2.39,2.48,2.39,2.44,1064108.28,2.44
2013-01-24 00:00:00,2.43,2.46,2.38,2.40,1212013.73,2.40
2013-01-25 00:00:00,2.40,2.43,2.40,2.41,677134.44,2.41
2013-01-28 00:00:00,2.41,2.47,2.40,2.45,897946.72,2.45
2013-01-29 00:00:00,2.46,2.47,2.41,2.43,1018235.28,2.43
2013-01-30 00:00:00,2.43,2.44,2.38,2.39,1160009.24,2.39
2013-01-31 00:00:00,2.39,2.41,2.37,2.39,1020366.92,2.39
2013-02-01 00:00:00,2.38,2.41,2.36,2.39,1070803.49,2.39
2013-02-04 00:00:00,2.39,2.40,2.32,2.33,1417864.09,2.33
2013-02-05 00:00:00,2.33,2.38,2.31,2.38,1289272.98,2.38
2013-02-06 00:00:00,2.38,2.40,2.33,2.35,784662.59,2.35
2013-02-07 00:00:00,2.36,2.41,2.35,2.40,1229472.34,2.40
2013-02-08 00:00:00,2.40,2.48,2.40,2.45,1471900.03,2.45
2013-02-18 00:00:00,2.46,2.47,2.41,2.43,671859.81,2.43
2013-02-19 00:00:00,2.42,2.44,2.36,2.39,1139306.46,2.39
2013-02-20 00:00:00,2.38,2.43,2.37,2.42,673715.24,2.42
2013-02-21 00:00:00,2.40,2.41,2.34,2.35,1129284.97,2.35
2013-02-22 00:00:00,2.34,2.36,2.33,2.33,540776.57,2.33
2013-02-25 00:00:00,2.33,2.37,2.33,2.37,627533.66,2.37
2013-02-26 00:00:00,2.35,2.45,2.35,2.39,1385442.00,2.39
2013-02-27 00:00:00,2.38,2.45,2.38,2.44,1842877.29,2.44
2013-02-28 00:00:00,2.47,2.47,2.42,2.45,1581891.26,2.45
2013-03-01 00:00:00,2.44,2.45,2.39,2.42,1297106.24,2.42
2013-03-04 00:00:00,2.40,2.44,2.35,2.41,1469036.96,2.41
2013-03-05 00:00:00,2.40,2.43,2.37,2.42,959010.62,2.42
2013-03-06 00:00:00,2.44,2.66,2.43,2.58,3916847.45,2.58
2013-03-07 00:00:00,2.57,2.74,2.56,2.64,3439003.92,2.64
2013-03-08 00:00:00,2.63,2.67,2.58,2.59,1072818.44,2.59
2013-03-11 00:00:00,2.58,2.70,2.57,2.66,1479852.63,2.66
2013-03-12 00:00:00,2.66,2.68,2.56,2.59,1483042.11,2.59
2013-03-13 00:00:00,2.57,2.60,2.48,2.52,1038011.62,2.52
2013-03-14 00:00:00,2.51,2.57,2.49,2.53,769407.68,2.53
2013-03-15 00:00:00,2.51,2.57,2.49,2.52,845695.90,2.52
2013-03-18 00:00:00,2.51,2.55,2.46,2.46,988920.50,2.46
2013-03-19 00:00:00,2.46,2.50,2.44,2.49,843936.54,2.49
2013-03-20 00:00:00,2.48,2.60,2.48,2.59,1631709.72,2.59
2013-03-21 00:00:00,2.60,2.70,2.59,2.65,1388639.95,2.65
2013-03-22 00:00:00,2.65,2.68,2.61,2.66,1201120.25,2.66
2013-03-25 00:00:00,2.66,2.69,2.61,2.64,730060.14,2.64
2013-03-26 00:00:00,2.63,2.64,2.59,2.61,614364.15,2.61
2013-03-27 00:00:00,2.60,2.72,2.60,2.68,1254925.13,2.68
2013-03-28 00:00:00,2.68,2.68,2.60,2.62,1145766.64,2.62
2013-03-29 00:00:00,2.64,2.66,2.60,2.62,688285.22,2.62
2013-04-01 00:00:00,2.62,2.74,2.62,2.71,1872903.94,2.71
2013-04-02 00:00:00,2.71,2.75,2.63,2.65,1441275.09,2.65
2013-04-03 00:00:00,2.66,2.69,2.61,2.66,728142.94,2.66
2013-04-08 00:00:00,2.62,2.66,2.60,2.65,698613.66,2.65
2013-04-09 00:00:00,2.73,2.84,2.72,2.72,1828939.77,2.72
2013-04-10 00:00:00,2.71,2.75,2.69,2.75,870453.19,2.75
2013-04-11 00:00:00,2.76,2.79,2.72,2.73,775927.55,2.73
2013-04-12 00:00:00,2.70,2.74,2.69,2.71,693612.63,2.71
2013-04-15 00:00:00,2.71,2.73,2.67,2.69,706434.60,2.69
2013-04-16 00:00:00,2.68,2.72,2.64,2.71,832748.25,2.71
2013-04-17 00:00:00,2.70,2.73,2.66,2.71,859167.75,2.71
2013-04-18 00:00:00,2.69,2.72,2.68,2.70,589373.92,2.70
2013-04-19 00:00:00,2.72,2.80,2.70,2.78,1508829.94,2.78
2013-04-22 00:00:00,2.76,2.92,2.75,2.91,2214928.50,2.91
2013-04-23 00:00:00,2.90,2.91,2.84,2.86,1488265.28,2.86
2013-04-24 00:00:00,2.86,2.98,2.86,2.98,2254963.70,2.98
2013-04-25 00:00:00,3.02,3.05,2.93,2.93,2077594.56,2.93
2013-04-26 00:00:00,2.95,2.97,2.83,2.86,1843178.86,2.86
2013-05-02 00:00:00,2.86,2.95,2.86,2.90,911248.63,2.90
2013-05-03 00:00:00,2.95,2.99,2.91,2.92,1192454.31,2.92
2013-05-06 00:00:00,2.92,2.93,2.87,2.92,1206327.94,2.92
2013-05-07 00:00:00,2.90,2.92,2.85,2.89,1208489.48,2.89
2013-05-08 00:00:00,2.91,2.93,2.79,2.86,2667136.35,2.86
2013-05-09 00:00:00,2.85,2.85,2.82,2.84,1002290.24,2.84
2013-05-10 00:00:00,2.83,2.87,2.80,2.85,1146721.70,2.85
2013-05-13 00:00:00,2.84,2.93,2.80,2.92,1708057.96,2.92
2013-05-14 00:00:00,2.95,2.99,2.90,2.94,1797016.69,2.94
2013-05-15 00:00:00,2.94,2.94,2.89,2.91,735543.09,2.91
2013-05-16 00:00:00,2.91,2.98,2.90,2.98,1580063.67,2.98
2013-05-17 00:00:00,2.97,2.98,2.93,2.97,1092036.23,2.97
2013-05-20 00:00:00,2.97,2.97,2.92,2.94,1402745.88,2.94
2013-05-21 00:00:00,2.93,2.96,2.91,2.95,992807.54,2.95
2013-05-22 00:00:00,2.94,2.95,2.88,2.89,1227647.64,2.89
2013-05-23 00:00:00,2.88,3.03,2.86,2.97,2697331.79,2.97
2013-05-24 00:00:00,2.95,2.99,2.92,2.94,1545728.64,2.94
2013-05-27 00:00:00,2.95,2.97,2.91,2.95,1316479.04,2.95
2013-05-28 00:00:00,2.95,2.98,2.92,2.97,1182768.87,2.97
2013-05-29 00:00:00,2.97,3.00,2.95,2.96,1162094.88,2.96
2013-05-30 00:00:00,2.96,2.96,2.92,2.93,1088873.42,2.93
2013-05-31 00:00:00,2.93,2.95,2.90,2.90,895499.00,2.90
2013-06-03 00:00:00,2.90,2.93,2.80,2.81,1812046.86,2.81
2013-06-04 00:00:00,2.80,2.80,2.53,2.58,4239723.73,2.58
2013-06-05 00:00:00,2.56,2.60,2.53,2.59,1241389.14,2.59
2013-06-06 00:00:00,2.60,2.67,2.59,2.61,1756026.41,2.61
2013-06-07 00:00:00,2.62,2.64,2.53,2.56,1487007.15,2.56
2013-06-13 00:00:00,2.53,2.53,2.41,2.47,1535229.86,2.47
2013-06-14 00:00:00,2.47,2.55,2.45,2.53,1459622.52,2.53
2013-06-18 00:00:00,2.65,2.67,2.58,2.63,1842095.52,2.63
2013-06-19 00:00:00,2.60,2.60,2.54,2.58,1199323.63,2.58
2013-06-20 00:00:00,2.56,2.56,2.39,2.40,1912476.47,2.40
2013-06-21 00:00:00,2.34,2.37,2.26,2.36,1830817.61,2.36
2013-06-24 00:00:00,2.32,2.33,2.12,2.14,2484415.95,2.14
2013-06-25 00:00:00,2.10,2.20,1.98,2.18,2513568.33,2.18
2013-06-26 00:00:00,2.19,2.28,2.16,2.26,2399736.61,2.26
2013-06-27 00:00:00,2.24,2.30,2.19,2.22,1693360.48,2.22
2013-06-28 00:00:00,2.21,2.32,2.15,2.27,1747920.02,2.27
2013-07-01 00:00:00,2.24,2.29,2.21,2.27,1355719.05,2.27
2013-07-02 00:00:00,2.27,2.27,2.20,2.23,1459645.03,2.23
2013-07-03 00:00:00,2.23,2.32,2.21,2.28,2013592.34,2.28
2013-07-04 00:00:00,2.27,2.32,2.24,2.28,1333469.93,2.28
2013-07-05 00:00:00,2.29,2.31,2.26,2.27,893419.82,2.27
2013-07-08 00:00:00,2.25,2.25,2.16,2.17,1455573.66,2.17
2013-07-09 00:00:00,2.15,2.20,2.15,2.18,729945.73,2.18
2013-07-10 00:00:00,2.24,2.25,2.16,2.22,2075786.03,2.22
2013-07-11 00:00:00,2.22,2.38,2.19,2.33,3771393.09,2.33
2013-07-12 00:00:00,2.31,2.32,2.24,2.25,2230559.83,2.25
2013-07-15 00:00:00,2.26,2.30,2.25,2.27,1341167.75,2.27
2013-07-16 00:00:00,2.27,2.35,2.25,2.34,2439022.05,2.34
2013-07-17 00:00:00,2.32,2.34,2.28,2.29,1535180.48,2.29
2013-07-18 00:00:00,2.27,2.28,2.25,2.26,1168237.51,2.26
2013-07-19 00:00:00,2.27,2.28,2.19,2.19,1634876.04,2.19
2013-07-22 00:00:00,2.17,2.21,2.15,2.21,988980.29,2.21
2013-07-23 00:00:00,2.21,2.29,2.19,2.28,2112506.78,2.28
2013-07-24 00:00:00,2.26,2.27,2.21,2.24,1476188.31,2.24
2013-07-25 00:00:00,2.22,2.26,2.21,2.22,1399112.18,2.22
2013-07-26 00:00:00,2.20,2.21,2.15,2.19,1334511.95,2.19
2013-07-29 00:00:00,2.17,2.18,2.15,2.16,825220.84,2.16
2013-07-30 00:00:00,2.16,2.19,2.14,2.16,857931.55,2.16
2013-07-31 00:00:00,2.17,2.19,2.15,2.16,722877.70,2.16
2013-08-01 00:00:00,2.17,2.19,2.16,2.19,1010037.49,2.19
2013-08-02 00:00:00,2.19,2.20,2.16,2.17,977063.62,2.17
2013-08-05 00:00:00,2.17,2.19,2.16,2.18,1021340.73,2.18
2013-08-06 00:00:00,2.18,2.28,2.16,2.25,2802258.15,2.25
2013-08-07 00:00:00,2.23,2.26,2.20,2.21,1253390.89,2.21
2013-08-08 00:00:00,2.21,2.25,2.21,2.22,902284.07,2.22
2013-08-09 00:00:00,2.23,2.24,2.19,2.22,894279.77,2.22
2013-08-12 00:00:00,2.23,2.26,2.21,2.26,2176450.87,2.26
2013-08-13 00:00:00,2.25,2.28,2.23,2.27,1768410.74,2.27
2013-08-14 00:00:00,2.27,2.35,2.26,2.30,2896968.26,2.30
2013-08-16 00:00:00,2.27,2.36,2.25,2.25,2312242.15,2.25
2013-08-19 00:00:00,2.24,2.33,2.22,2.31,2245277.60,2.31
2013-08-20 00:00:00,2.30,2.31,2.25,2.26,1806041.70,2.26
2013-08-21 00:00:00,2.26,2.28,2.24,2.26,944108.83,2.26
2013-08-22 00:00:00,2.25,2.30,2.24,2.27,1234365.88,2.27
2013-08-23 00:00:00,2.27,2.27,2.21,2.23,1560167.36,2.23
2013-08-26 00:00:00,2.23,2.26,2.22,2.25,1115987.08,2.25
2013-08-27 00:00:00,2.25,2.25,2.22,2.24,1242363.68,2.24
2013-08-28 00:00:00,2.23,2.23,2.20,2.22,1358113.62,2.22
2013-08-29 00:00:00,2.21,2.22,2.19,2.20,1150996.71,2.20
2013-08-30 00:00:00,2.20,2.22,2.19,2.20,1384020.59,2.20
2013-09-02 00:00:00,2.20,2.23,2.20,2.23,1077012.75,2.23
2013-09-03 00:00:00,2.22,2.29,2.22,2.27,2278049.15,2.27
2013-09-04 00:00:00,2.34,2.38,2.29,2.31,3712002.18,2.31
2013-09-05 00:00:00,2.31,2.31,2.25,2.26,1335053.68,2.26
2013-09-06 00:00:00,2.25,2.27,2.22,2.24,1934720.78,2.24
2013-09-09 00:00:00,2.26,2.29,2.22,2.28,3753910.08,2.28
2013-09-10 00:00:00,2.27,2.33,2.25,2.31,3053463.15,2.31
2013-09-11 00:00:00,2.31,2.43,2.30,2.41,6006488.35,2.41
2013-09-12 00:00:00,2.42,2.42,2.34,2.38,2867595.29,2.38
2013-09-13 00:00:00,2.37,2.41,2.36,2.37,1838291.46,2.37
2013-09-16 00:00:00,2.38,2.39,2.33,2.34,1685401.06,2.34
2013-09-17 00:00:00,2.35,2.36,2.29,2.30,1464472.64,2.30
2013-09-18 00:00:00,2.30,2.32,2.28,2.32,1027940.87,2.32
2013-09-23 00:00:00,2.32,2.37,2.30,2.36,1951511.92,2.36
2013-09-24 00:00:00,2.35,2.36,2.29,2.31,1692299.18,2.31
2013-09-25 00:00:00,2.30,2.31,2.26,2.27,1716608.97,2.27
2013-09-26 00:00:00,2.26,2.28,2.24,2.24,1147450.51,2.24
2013-09-27 00:00:00,2.24,2.25,2.22,2.23,1096538.90,2.23
2013-09-30 00:00:00,2.24,2.29,2.24,2.28,949969.46,2.28
2013-10-08 00:00:00,2.26,2.32,2.26,2.30,1427411.75,2.30
2013-10-09 00:00:00,2.30,2.30,2.27,2.29,1119778.66,2.29
2013-10-10 00:00:00,2.29,2.35,2.27,2.34,2898828.44,2.34
2013-10-11 00:00:00,2.35,2.36,2.29,2.33,2323007.97,2.33
2013-10-14 00:00:00,2.33,2.35,2.30,2.32,1701213.10,2.32
2013-10-15 00:00:00,2.32,2.33,2.29,2.30,1251151.86,2.30
2013-10-16 00:00:00,2.30,2.37,2.26,2.31,2543807.40,2.31
2013-10-17 00:00:00,2.30,2.33,2.28,2.30,1525793.77,2.30
2013-10-18 00:00:00,2.29,2.31,2.28,2.29,893595.46,2.29
2013-10-21 00:00:00,2.30,2.39,2.27,2.36,3633473.83,2.36
2013-10-22 00:00:00,2.35,2.53,2.33,2.47,5632419.17,2.47
2013-10-23 00:00:00,2.43,2.47,2.36,2.37,3363320.13,2.37
2013-10-24 00:00:00,2.37,2.43,2.35,2.38,1923007.13,2.38
2013-10-25 00:00:00,2.42,2.49,2.38,2.44,3784776.51,2.44
2013-10-28 00:00:00,2.44,2.52,2.41,2.52,4625065.16,2.52
2013-10-29 00:00:00,2.50,2.51,2.33,2.40,4037763.44,2.40
2013-10-30 00:00:00,2.40,2.52,2.37,2.50,4018861.80,2.50
2013-10-31 00:00:00,2.46,2.58,2.45,2.48,3616465.42,2.48
2013-11-01 00:00:00,2.45,2.48,2.39,2.43,2284198.44,2.43
2013-11-04 00:00:00,2.42,2.45,2.39,2.41,1464515.68,2.41
2013-11-05 00:00:00,2.40,2.41,2.36,2.41,1518188.47,2.41
2013-11-06 00:00:00,2.40,2.45,2.39,2.39,1688148.43,2.39
2013-11-07 00:00:00,2.37,2.39,2.33,2.34,1589993.53,2.34
2013-11-08 00:00:00,2.34,2.35,2.30,2.31,1587733.89,2.31
2013-11-11 00:00:00,2.30,2.34,2.28,2.32,1091771.07,2.32
2013-11-12 00:00:00,2.32,2.39,2.29,2.36,2056768.41,2.36
2013-11-13 00:00:00,2.34,2.34,2.27,2.28,1419438.13,2.28
2013-11-14 00:00:00,2.28,2.35,2.27,2.32,1785960.82,2.32
2013-11-15 00:00:00,2.31,2.37,2.30,2.33,2073697.00,2.33
2013-11-18 00:00:00,2.34,2.37,2.33,2.37,2053880.00,2.37
2013-11-19 00:00:00,2.36,2.36,2.33,2.34,1247522.49,2.34
2013-11-20 00:00:00,2.35,2.41,2.34,2.40,3164794.79,2.40
2013-11-21 00:00:00,2.39,2.44,2.36,2.39,2742611.55,2.39
2013-11-22 00:00:00,2.39,2.41,2.36,2.37,2069140.91,2.37
2013-11-25 00:00:00,2.37,2.38,2.33,2.35,1342898.93,2.35
2013-11-26 00:00:00,2.34,2.37,2.34,2.35,1130931.21,2.35
2013-11-27 00:00:00,2.34,2.36,2.33,2.35,1133447.21,2.35
2013-11-28 00:00:00,2.35,2.41,2.34,2.38,2507304.24,2.38
2013-11-29 00:00:00,2.37,2.38,2.35,2.36,1450045.03,2.36
2013-12-02 00:00:00,2.34,2.35,2.27,2.30,2668991.56,2.30
2013-12-03 00:00:00,2.29,2.33,2.28,2.33,1240337.81,2.33
2013-12-04 00:00:00,2.33,2.36,2.31,2.35,1716531.34,2.35
2013-12-05 00:00:00,2.35,2.43,2.34,2.42,3704339.71,2.42
2013-12-06 00:00:00,2.41,2.42,2.38,2.39,2018273.01,2.39
2013-12-09 00:00:00,2.39,2.42,2.38,2.40,1648445.92,2.40
2013-12-10 00:00:00,2.41,2.49,2.38,2.45,3999718.77,2.45
2013-12-11 00:00:00,2.43,2.43,2.37,2.40,2154869.02,2.40
2013-12-12 00:00:00,2.39,2.41,2.37,2.38,1413443.48,2.38
2013-12-13 00:00:00,2.36,2.40,2.36,2.40,1233208.33,2.40
2013-12-16 00:00:00,2.39,2.40,2.34,2.34,1408396.07,2.34
2013-12-17 00:00:00,2.34,2.36,2.31,2.33,964953.31,2.33
2013-12-18 00:00:00,2.33,2.34,2.31,2.32,740515.36,2.32
2013-12-19 00:00:00,2.33,2.34,2.30,2.31,921959.87,2.31
2013-12-20 00:00:00,2.31,2.32,2.26,2.28,1259408.52,2.28
2013-12-23 00:00:00,2.28,2.29,2.25,2.27,836870.09,2.27
2013-12-24 00:00:00,2.28,2.30,2.26,2.28,830898.68,2.28
2013-12-25 00:00:00,2.28,2.36,2.27,2.33,1376332.08,2.33
2013-12-26 00:00:00,2.31,2.32,2.28,2.28,973335.03,2.28
2013-12-27 00:00:00,2.30,2.34,2.29,2.33,1482603.42,2.33
2013-12-30 00:00:00,2.33,2.34,2.31,2.32,1069918.03,2.32
2013-12-31 00:00:00,2.32,2.34,2.31,2.33,816446.57,2.33
2014-01-02 00:00:00,2.33,2.34,2.31,2.32,760235.97,2.32
2014-01-03 00:00:00,2.31,2.33,2.28,2.29,1081461.40,2.29
2014-01-06 00:00:00,2.29,2.29,2.26,2.27,1218536.48,2.27
2014-01-07 00:00:00,2.26,2.28,2.25,2.27,738869.68,2.27
2014-01-08 00:00:00,2.27,2.28,2.26,2.28,930953.08,2.28
2014-01-09 00:00:00,2.27,2.33,2.27,2.30,1816790.31,2.30
2014-01-10 00:00:00,2.30,2.33,2.28,2.32,1614816.61,2.32
2014-01-13 00:00:00,2.31,2.32,2.27,2.28,978087.58,2.28
2014-01-14 00:00:00,2.29,2.38,2.29,2.35,3249202.69,2.35
2014-01-15 00:00:00,2.34,2.37,2.33,2.34,1919433.03,2.34
2014-01-16 00:00:00,2.34,2.35,2.31,2.32,1509659.05,2.32
2014-01-17 00:00:00,2.31,2.31,2.28,2.29,1090655.54,2.29
2014-01-20 00:00:00,2.28,2.30,2.26,2.28,946823.23,2.28
2014-01-21 00:00:00,2.28,2.30,2.27,2.28,767567.87,2.28
2014-01-22 00:00:00,2.28,2.34,2.28,2.32,1735920.68,2.32
2014-01-23 00:00:00,2.32,2.34,2.30,2.32,1193504.88,2.32
2014-01-24 00:00:00,2.31,2.34,2.30,2.33,1331308.83,2.33
2014-01-27 00:00:00,2.37,2.56,2.36,2.56,9555411.54,2.56
2014-01-28 00:00:00,2.60,2.66,2.53,2.58,7086008.30,2.58
2014-01-29 00:00:00,2.58,2.63,2.54,2.60,4070470.19,2.60
2014-01-30 00:00:00,2.59,2.60,2.49,2.50,3075094.31,2.50
2014-02-07 00:00:00,2.49,2.64,2.49,2.61,4031616.55,2.61
2014-02-10 00:00:00,2.62,2.68,2.60,2.62,4270496.08,2.62
2014-02-11 00:00:00,2.61,2.70,2.59,2.67,4319428.69,2.67
2014-02-12 00:00:00,2.66,2.66,2.61,2.64,2533244.02,2.64
2014-02-13 00:00:00,2.66,2.73,2.62,2.64,3220299.97,2.64
2014-02-14 00:00:00,2.64,2.66,2.61,2.65,1951645.26,2.65
2014-02-17 00:00:00,2.66,2.72,2.62,2.68,3135150.43,2.68
2014-02-18 00:00:00,2.68,2.69,2.61,2.62,2691672.56,2.62
2014-02-19 00:00:00,2.61,2.66,2.57,2.58,3629073.96,2.58
2014-02-20 00:00:00,2.57,2.64,2.53,2.56,3143070.52,2.56
2014-02-21 00:00:00,2.55,2.60,2.54,2.60,1675393.60,2.60
2014-02-24 00:00:00,2.60,2.68,2.58,2.65,3796072.80,2.65
2014-02-25 00:00:00,2.66,2.76,2.61,2.65,5587729.90,2.65
2014-02-26 00:00:00,2.66,2.89,2.65,2.75,7063589.38,2.75
2014-02-27 00:00:00,2.77,2.83,2.70,2.73,3143263.86,2.73
2014-02-28 00:00:00,2.73,2.80,2.70,2.78,2650858.58,2.78
2014-03-03 00:00:00,2.79,2.80,2.74,2.77,2040123.36,2.77
2014-03-04 00:00:00,2.74,2.75,2.65,2.69,2345417.62,2.69
2014-03-05 00:00:00,2.70,2.70,2.63,2.64,1430712.72,2.64
2014-03-06 00:00:00,2.63,2.66,2.60,2.63,1265260.85,2.63
2014-03-07 00:00:00,2.66,2.68,2.61,2.63,1388714.79,2.63
2014-03-10 00:00:00,2.60,2.60,2.48,2.49,2080750.55,2.49
2014-03-11 00:00:00,2.47,2.53,2.46,2.50,1318271.59,2.50
2014-03-12 00:00:00,2.49,2.51,2.45,2.48,1153095.71,2.48
2014-03-13 00:00:00,2.48,2.51,2.48,2.50,909354.73,2.50
2014-03-14 00:00:00,2.48,2.56,2.47,2.53,1722941.79,2.53
2014-03-17 00:00:00,2.51,2.55,2.51,2.54,953591.04,2.54
2014-03-19 00:00:00,2.59,2.67,2.57,2.60,2062186.37,2.60
2014-03-20 00:00:00,2.59,2.61,2.50,2.50,1071564.09,2.50
2014-03-21 00:00:00,2.48,2.57,2.48,2.56,1056412.65,2.56
2014-03-24 00:00:00,2.58,2.64,2.56,2.62,1524504.95,2.62
2014-03-25 00:00:00,2.62,2.71,2.61,2.70,2671983.94,2.70
2014-03-26 00:00:00,2.70,2.71,2.65,2.67,1448994.04,2.67
2014-03-27 00:00:00,2.62,2.62,2.55,2.55,1540730.56,2.55
2014-03-28 00:00:00,2.53,2.56,2.50,2.51,1354605.67,2.51
2014-03-31 00:00:00,2.51,2.55,2.50,2.53,834218.81,2.53
2014-04-01 00:00:00,2.53,2.56,2.52,2.54,813094.65,2.54
2014-04-02 00:00:00,2.54,2.56,2.53,2.54,754680.28,2.54
2014-04-03 00:00:00,2.54,2.57,2.53,2.57,1406207.66,2.57
2014-04-04 00:00:00,2.55,2.58,2.55,2.58,929161.35,2.58
2014-04-08 00:00:00,2.57,2.64,2.57,2.64,1681454.04,2.64
2014-04-09 00:00:00,2.64,2.65,2.61,2.63,1156845.06,2.63
2014-04-10 00:00:00,2.64,2.68,2.63,2.64,1955832.10,2.64
2014-04-11 00:00:00,2.63,2.64,2.59,2.61,1535138.69,2.61
2014-04-14 00:00:00,2.60,2.63,2.60,2.61,1039735.05,2.61
2014-04-15 00:00:00,2.63,2.65,2.59,2.60,1273911.65,2.60
2014-04-16 00:00:00,2.59,2.62,2.59,2.61,844597.92,2.61
2014-04-17 00:00:00,2.61,2.62,2.58,2.59,732442.58,2.59
2014-04-18 00:00:00,2.58,2.59,2.56,2.58,790292.38,2.58
2014-04-21 00:00:00,2.56,2.57,2.51,2.51,1184315.82,2.51
2014-04-22 00:00:00,2.50,2.53,2.48,2.52,844997.42,2.52
2014-04-23 00:00:00,2.51,2.52,2.49,2.51,572084.37,2.51
2014-04-24 00:00:00,2.50,2.51,2.48,2.50,596859.02,2.50
2014-04-25 00:00:00,2.50,2.50,2.39,2.40,1695147.93,2.40
2014-04-28 00:00:00,2.39,2.39,2.33,2.34,1113649.57,2.34
2014-04-29 00:00:00,2.35,2.37,2.34,2.37,711235.35,2.37
2014-04-30 00:00:00,2.37,2.38,2.35,2.38,527426.46,2.38
2014-05-05 00:00:00,2.37,2.38,2.34,2.37,605177.05,2.37
2014-05-06 00:00:00,2.36,2.41,2.36,2.40,826514.29,2.40
2014-05-07 00:00:00,2.39,2.41,2.38,2.39,647281.03,2.39
2014-05-08 00:00:00,2.38,2.41,2.36,2.38,490112.80,2.38
2014-05-09 00:00:00,2.38,2.39,2.33,2.35,833005.63,2.35
2014-05-12 00:00:00,2.36,2.41,2.35,2.40,913939.71,2.40
2014-05-13 00:00:00,2.39,2.40,2.36,2.38,910875.63,2.38
2014-05-14 00:00:00,2.39,2.41,2.38,2.39,902931.29,2.39
2014-05-15 00:00:00,2.39,2.39,2.35,2.36,629163.97,2.36
2014-05-16 00:00:00,2.35,2.37,2.34,2.36,545666.87,2.36
2014-05-19 00:00:00,2.36,2.36,2.33,2.33,538630.48,2.33
2014-05-20 00:00:00,2.34,2.36,2.33,2.34,488396.99,2.34
2014-05-21 00:00:00,2.34,2.35,2.31,2.35,541999.46,2.35
2014-05-22 00:00:00,2.35,2.37,2.33,2.34,645605.46,2.34
2014-05-23 00:00:00,2.34,2.35,2.32,2.35,799089.05,2.35
2014-05-26 00:00:00,2.35,2.36,2.33,2.35,741623.01,2.35
2014-05-27 00:00:00,2.35,2.35,2.33,2.34,387002.05,2.34
2014-05-28 00:00:00,2.34,2.37,2.31,2.36,1439299.14,2.36
2014-05-29 00:00:00,2.35,2.36,2.34,2.34,640079.14,2.34
2014-05-30 00:00:00,2.34,2.37,2.33,2.35,775149.48,2.35
2014-06-03 00:00:00,2.35,2.37,2.34,2.35,488792.23,2.35
2014-06-04 00:00:00,2.35,2.35,2.32,2.33,645201.36,2.33
2014-06-05 00:00:00,2.33,2.35,2.32,2.35,501420.98,2.35
2014-06-06 00:00:00,2.34,2.35,2.31,2.33,753537.61,2.33
2014-06-09 00:00:00,2.32,2.33,2.28,2.29,1050144.23,2.29
2014-06-10 00:00:00,2.29,2.31,2.27,2.30,881189.79,2.30
2014-06-11 00:00:00,2.30,2.30,2.27,2.29,920251.37,2.29
2014-06-12 00:00:00,2.28,2.30,2.27,2.28,1055897.16,2.28
2014-06-13 00:00:00,2.28,2.31,2.27,2.30,1141811.41,2.30
2014-06-16 00:00:00,2.30,2.32,2.29,2.31,1193724.94,2.31
2014-06-17 00:00:00,2.30,2.31,2.28,2.28,653235.60,2.28
2014-06-18 00:00:00,2.28,2.29,2.26,2.27,960485.09,2.27
2014-06-19 00:00:00,2.27,2.28,2.23,2.24,1195513.46,2.24
2014-06-20 00:00:00,2.24,2.25,2.23,2.25,657817.22,2.25
2014-06-23 00:00:00,2.25,2.26,2.24,2.26,590498.31,2.26
2014-06-24 00:00:00,2.25,2.28,2.24,2.27,733037.02,2.27
2014-06-25 00:00:00,2.26,2.27,2.24,2.26,838592.75,2.26
2014-06-26 00:00:00,2.26,2.28,2.25,2.27,716971.79,2.27
2014-06-27 00:00:00,2.26,2.29,2.25,2.28,775107.15,2.28
2014-06-30 00:00:00,2.28,2.30,2.27,2.28,890884.70,2.28
2014-07-01 00:00:00,2.28,2.29,2.27,2.29,680251.75,2.29
2014-07-02 00:00:00,2.29,2.34,2.28,2.33,1890825.86,2.33
2014-07-03 00:00:00,2.32,2.34,2.31,2.32,908895.24,2.32
2014-07-04 00:00:00,2.32,2.32,2.30,2.31,628521.48,2.31
2014-07-07 00:00:00,2.30,2.32,2.29,2.29,574754.17,2.29
2014-07-08 00:00:00,2.31,2.37,2.30,2.35,1964818.34,2.35
2014-07-09 00:00:00,2.35,2.36,2.32,2.32,1198064.04,2.32
2014-07-10 00:00:00,2.32,2.44,2.32,2.39,3170467.63,2.39
2014-07-11 00:00:00,2.38,2.45,2.36,2.43,2093136.45,2.43
2014-08-15 00:00:00,2.50,2.67,2.47,2.67,3049816.27,2.67
2014-08-18 00:00:00,2.85,2.85,2.68,2.72,8296075.35,2.72
2014-08-19 00:00:00,2.71,2.76,2.68,2.71,3320788.91,2.71
2014-08-20 00:00:00,2.69,2.71,2.66,2.68,2081936.36,2.68
2014-08-21 00:00:00,2.67,2.68,2.58,2.61,2752562.67,2.61
2014-08-22 00:00:00,2.60,2.65,2.59,2.63,1649556.90,2.63
2014-08-25 00:00:00,2.61,2.63,2.57,2.58,1784326.93,2.58
2014-08-26 00:00:00,2.58,2.59,2.50,2.52,1735429.79,2.52
2014-08-27 00:00:00,2.52,2.55,2.51,2.53,1109757.59,2.53
2014-08-28 00:00:00,2.52,2.53,2.47,2.48,1467573.91,2.48
2014-08-29 00:00:00,2.48,2.50,2.46,2.50,1141957.70,2.50
2014-09-01 00:00:00,2.49,2.64,2.48,2.60,2579712.25,2.60
2014-09-02 00:00:00,2.58,2.60,2.56,2.60,2129124.86,2.60
2014-09-03 00:00:00,2.60,2.65,2.59,2.62,2436780.01,2.62
2014-09-04 00:00:00,2.62,2.64,2.60,2.63,1614712.62,2.63
2014-09-05 00:00:00,2.63,2.64,2.58,2.63,2552160.62,2.63
2014-09-09 00:00:00,2.63,2.73,2.62,2.71,4163423.62,2.71
2014-09-10 00:00:00,2.69,2.70,2.66,2.67,1801433.56,2.67
2014-09-11 00:00:00,2.68,2.72,2.66,2.67,2607734.73,2.67
2014-09-12 00:00:00,2.67,2.70,2.65,2.70,1851398.22,2.70
2014-09-15 00:00:00,2.72,2.72,2.67,2.70,2184491.79,2.70
2014-09-16 00:00:00,2.71,2.82,2.70,2.71,5591474.22,2.71
2014-09-17 00:00:00,2.73,2.78,2.71,2.75,3612280.77,2.75
2014-09-18 00:00:00,2.74,2.80,2.72,2.74,2471439.56,2.74
2014-09-19 00:00:00,2.74,2.77,2.71,2.74,1757607.60,2.74
2014-09-22 00:00:00,2.73,2.73,2.64,2.65,2225427.80,2.65
2014-09-23 00:00:00,2.64,2.68,2.64,2.67,1327042.39,2.67
2014-09-24 00:00:00,2.66,2.72,2.65,2.72,1830552.74,2.72
2014-09-25 00:00:00,2.72,2.74,2.68,2.69,1935605.50,2.69
2014-09-26 00:00:00,2.68,2.74,2.67,2.72,1792222.89,2.72
2014-09-29 00:00:00,2.72,2.73,2.69,2.71,1642540.52,2.71
2014-09-30 00:00:00,2.71,2.72,2.69,2.70,1365150.68,2.70
2014-10-08 00:00:00,2.71,2.72,2.68,2.72,1803569.08,2.72
2014-10-09 00:00:00,2.72,2.79,2.71,2.76,3088847.58,2.76
2014-10-10 00:00:00,2.86,3.04,2.85,3.04,7840207.21,3.04
2014-10-13 00:00:00,3.09,3.12,2.96,3.01,9028450.84,3.01
2014-10-14 00:00:00,3.01,3.21,2.95,3.15,8341121.48,3.15
2014-10-15 00:00:00,3.10,3.15,3.09,3.10,4637208.72,3.10
2014-10-16 00:00:00,3.07,3.08,2.97,2.98,4132260.94,2.98
2014-10-17 00:00:00,2.97,3.05,2.94,3.00,2841357.69,3.00
2014-10-20 00:00:00,3.00,3.06,2.98,3.04,2514440.73,3.04
2014-10-21 00:00:00,3.04,3.04,2.98,2.98,1843009.57,2.98
2014-10-22 00:00:00,2.99,3.00,2.91,2.92,1858232.14,2.92
2014-10-23 00:00:00,2.93,3.05,2.92,3.00,3168901.35,3.00
2014-10-24 00:00:00,3.03,3.05,2.94,2.96,1708347.92,2.96
2014-10-27 00:00:00,2.95,3.01,2.93,2.98,1309018.75,2.98
2014-10-28 00:00:00,2.99,3.04,2.97,3.04,2307011.13,3.04
2014-10-29 00:00:00,3.05,3.09,3.01,3.08,3767397.53,3.08
2014-10-30 00:00:00,3.07,3.18,3.06,3.16,4670346.32,3.16
2014-10-31 00:00:00,3.16,3.23,3.11,3.18,4209325.83,3.18
2014-11-03 00:00:00,3.23,3.46,3.21,3.33,5954819.42,3.33
2014-11-04 00:00:00,3.32,3.37,3.26,3.28,3415985.33,3.28
2014-11-05 00:00:00,3.27,3.35,3.22,3.23,3030114.25,3.23
2014-11-06 00:00:00,3.22,3.24,3.16,3.21,2464845.93,3.21
2014-11-07 00:00:00,3.20,3.26,3.16,3.19,2538047.37,3.19
2014-11-10 00:00:00,3.22,3.29,3.19,3.29,2722635.48,3.29
2014-11-11 00:00:00,3.30,3.32,3.13,3.16,3483405.06,3.16
2014-11-12 00:00:00,3.17,3.21,3.16,3.20,1623073.45,3.20
2014-11-13 00:00:00,3.19,3.20,3.12,3.17,2114579.78,3.17
2014-11-14 00:00:00,3.18,3.27,3.17,3.25,2851932.81,3.25
2014-11-17 00:00:00,3.28,3.30,3.22,3.23,1606901.72,3.23
2014-11-18 00:00:00,3.23,3.24,3.17,3.19,1363616.58,3.19
2014-11-19 00:00:00,3.19,3.23,3.18,3.22,1398399.97,3.22
2014-11-20 00:00:00,3.20,3.21,3.18,3.19,1124342.56,3.19
2014-11-21 00:00:00,3.19,3.21,3.14,3.20,1828640.34,3.20
2014-11-24 00:00:00,3.24,3.28,3.20,3.25,3057731.41,3.25
2014-11-25 00:00:00,3.25,3.29,3.23,3.28,2328009.16,3.28
2014-11-26 00:00:00,3.29,3.30,3.23,3.25,1875563.72,3.25
2014-11-27 00:00:00,3.27,3.28,3.22,3.24,2279449.96,3.24
2014-11-28 00:00:00,3.24,3.26,3.21,3.26,2565878.75,3.26
2014-12-01 00:00:00,3.27,3.42,3.24,3.38,5429055.87,3.38
2014-12-02 00:00:00,3.35,3.43,3.32,3.40,3723637.23,3.40
2014-12-03 00:00:00,3.41,3.55,3.40,3.46,4911090.19,3.46
2014-12-04 00:00:00,3.45,3.52,3.43,3.51,4042141.85,3.51
2014-12-05 00:00:00,3.53,3.71,3.40,3.50,5658638.84,3.50
2014-12-08 00:00:00,3.48,3.74,3.44,3.70,6532671.01,3.70
2014-12-09 00:00:00,3.62,3.99,3.58,3.59,8664480.51,3.59
2014-12-10 00:00:00,3.62,3.85,3.61,3.84,4714953.66,3.84
2014-12-11 00:00:00,3.84,3.93,3.70,3.82,4375644.94,3.82
2014-12-12 00:00:00,3.81,3.91,3.76,3.83,3073318.03,3.83
2014-12-15 00:00:00,3.84,3.89,3.77,3.84,3041416.64,3.84
2014-12-16 00:00:00,3.85,3.85,3.75,3.82,3624952.18,3.82
2014-12-17 00:00:00,3.80,3.80,3.68,3.74,3614581.70,3.74
2014-12-18 00:00:00,3.71,3.84,3.68,3.81,3919554.54,3.81
2014-12-19 00:00:00,3.79,3.83,3.71,3.79,3104870.26,3.79
2014-12-22 00:00:00,3.81,3.98,3.80,3.92,4966017.01,3.92
2014-12-23 00:00:00,3.98,4.15,3.96,3.97,6181166.65,3.97
2014-12-24 00:00:00,4.05,4.09,3.78,3.82,4467747.41,3.82
2014-12-25 00:00:00,3.81,3.88,3.77,3.87,2755991.14,3.87
2014-12-26 00:00:00,3.87,3.94,3.85,3.92,2860939.53,3.92
2014-12-29 00:00:00,3.96,3.97,3.80,3.84,3499880.98,3.84
2014-12-30 00:00:00,3.83,3.83,3.71,3.73,2520096.13,3.73
2014-12-31 00:00:00,3.73,3.81,3.72,3.80,2090022.69,3.80
2015-01-05 00:00:00,3.83,4.05,3.83,4.03,5187468.67,4.03
2015-01-06 00:00:00,4.10,4.27,4.03,4.15,5191641.94,4.15
2015-01-07 00:00:00,4.18,4.25,4.10,4.17,3249908.52,4.17
2015-01-08 00:00:00,4.17,4.18,4.00,4.04,2754923.08,4.04
2015-01-09 00:00:00,4.04,4.14,3.99,4.00,3316000.90,4.00
2015-01-12 00:00:00,3.98,4.06,3.92,3.97,2548683.80,3.97
2015-01-13 00:00:00,3.97,4.04,3.95,4.01,1738940.47,4.01
2015-01-14 00:00:00,4.00,4.01,3.90,3.93,1796250.18,3.93
2015-01-15 00:00:00,3.93,3.98,3.85,3.97,2229755.00,3.97
2015-01-16 00:00:00,3.98,4.07,3.94,4.02,2511288.46,4.02
2015-01-19 00:00:00,3.84,3.94,3.62,3.71,3956264.51,3.71
2015-01-20 00:00:00,3.72,3.83,3.72,3.80,2686599.49,3.80
2015-01-21 00:00:00,3.80,3.90,3.77,3.89,2512006.55,3.89
2015-01-22 00:00:00,3.88,3.92,3.85,3.90,1922258.79,3.90
2015-01-23 00:00:00,3.91,3.92,3.85,3.86,1658265.13,3.86
2015-01-26 00:00:00,3.87,3.91,3.84,3.91,2113445.06,3.91
2015-01-27 00:00:00,3.91,4.06,3.88,3.97,3869887.29,3.97
2015-01-28 00:00:00,3.93,3.94,3.88,3.89,2118734.16,3.89
2015-01-29 00:00:00,3.85,3.87,3.79,3.82,1750134.04,3.82
2015-01-30 00:00:00,3.86,3.98,3.85,3.89,3702755.62,3.89
2015-02-02 00:00:00,3.81,3.85,3.78,3.81,1863937.31,3.81
2015-02-03 00:00:00,3.84,3.86,3.79,3.85,1631846.48,3.85
2015-02-04 00:00:00,3.86,3.88,3.80,3.81,1571553.84,3.81
2015-02-05 00:00:00,3.86,3.87,3.74,3.75,1709171.42,3.75
2015-02-06 00:00:00,3.74,3.80,3.64,3.66,1708365.45,3.66
2015-02-09 00:00:00,3.66,3.70,3.61,3.65,1365123.75,3.65
2015-02-10 00:00:00,3.75,3.85,3.74,3.83,2718930.32,3.83
2015-02-11 00:00:00,3.88,4.21,3.88,4.21,9145044.81,4.21
2015-02-12 00:00:00,4.21,4.63,4.19,4.50,10432622.18,4.50
2015-02-13 00:00:00,4.55,4.60,4.38,4.50,5253769.19,4.50
2015-02-16 00:00:00,4.51,4.90,4.48,4.88,6268472.19,4.88
2015-02-17 00:00:00,4.96,4.96,4.73,4.81,4034952.23,4.81
2015-02-25 00:00:00,4.78,4.79,4.61,4.64,3727865.71,4.64
2015-02-26 00:00:00,4.64,4.73,4.60,4.69,2499981.49,4.69
2015-02-27 00:00:00,4.68,5.14,4.62,5.02,4916703.45,5.02
2015-03-02 00:00:00,5.03,5.32,4.95,5.21,5644900.80,5.21
2015-03-03 00:00:00,5.23,5.35,5.06,5.08,4363258.21,5.08
2015-03-04 00:00:00,5.10,5.50,5.10,5.46,5475403.17,5.46
2015-03-05 00:00:00,5.46,5.49,5.23,5.37,4215074.37,5.37
2015-03-06 00:00:00,5.37,5.39,5.05,5.10,4895624.82,5.10
2015-03-09 00:00:00,5.06,5.19,4.90,5.17,3230710.28,5.17
2015-03-10 00:00:00,5.16,5.38,5.10,5.29,3559805.48,5.29
2015-03-11 00:00:00,5.25,5.45,5.09,5.17,3740580.20,5.17
2015-03-12 00:00:00,5.20,5.21,4.99,5.06,3503745.47,5.06
2015-03-13 00:00:00,5.05,5.17,5.00,5.11,2550265.32,5.11
2015-03-16 00:00:00,5.15,5.31,5.12,5.21,3589541.34,5.21
2015-03-17 00:00:00,5.23,5.35,5.16,5.26,4420383.69,5.26
2015-03-18 00:00:00,5.28,5.79,5.28,5.79,8576735.67,5.79
2015-03-19 00:00:00,5.88,6.05,5.71,5.83,8532074.97,5.83
2015-03-20 00:00:00,5.82,6.03,5.69,5.89,6266166.11,5.89
2015-03-23 00:00:00,5.93,6.11,5.84,5.97,5565977.68,5.97
2015-03-24 00:00:00,6.01,6.01,5.72,5.90,5333513.45,5.90
2015-03-25 00:00:00,5.86,6.08,5.75,5.99,6049081.81,5.99
2015-03-26 00:00:00,5.98,5.98,5.82,5.83,3903175.48,5.83
2015-03-27 00:00:00,5.85,5.93,5.77,5.86,2800078.16,5.86
2015-03-30 00:00:00,5.86,5.95,5.84,5.91,3518754.73,5.91
2015-03-31 00:00:00,5.96,6.00,5.80,5.90,3448244.89,5.90
2015-04-01 00:00:00,5.94,6.40,5.88,6.32,7307057.03,6.32
2015-04-02 00:00:00,6.30,6.30,6.11,6.19,5220035.82,6.19
2015-04-03 00:00:00,6.16,6.20,6.10,6.18,3054412.94,6.18
2015-04-07 00:00:00,6.39,6.64,6.35,6.44,5385745.83,6.44
2015-04-08 00:00:00,6.46,6.51,6.21,6.44,4092337.86,6.44
2015-04-09 00:00:00,6.48,6.51,6.06,6.16,5484965.86,6.16
2015-04-10 00:00:00,6.18,6.27,6.06,6.20,4316173.03,6.20
2015-04-13 00:00:00,6.20,6.28,6.12,6.24,4697047.43,6.24
2015-04-14 00:00:00,6.25,6.26,6.15,6.20,4532014.05,6.20
2015-04-15 00:00:00,6.22,6.22,5.95,6.00,4506711.08,6.00
2015-04-16 00:00:00,5.95,6.12,5.83,6.03,3389886.98,6.03
2015-04-17 00:00:00,6.06,6.19,6.03,6.15,4999890.87,6.15
2015-04-20 00:00:00,6.12,6.35,5.97,6.18,7135404.97,6.18
2015-04-21 00:00:00,6.22,6.75,6.14,6.66,9308965.43,6.66
2015-04-22 00:00:00,6.60,6.76,6.55,6.64,7076555.96,6.64
2015-04-23 00:00:00,6.65,6.68,6.43,6.53,5558819.27,6.53
2015-04-24 00:00:00,6.42,6.73,6.35,6.54,6363685.27,6.54
2015-04-27 00:00:00,6.58,6.61,6.41,6.49,5064991.63,6.49
2015-04-28 00:00:00,6.49,6.49,6.11,6.15,5369847.06,6.15
2015-04-29 00:00:00,6.13,6.38,6.06,6.25,3810286.27,6.25
2015-04-30 00:00:00,6.30,6.36,6.21,6.22,3075151.38,6.22
2015-05-04 00:00:00,6.20,6.29,6.13,6.24,2909084.27,6.24
2015-05-05 00:00:00,6.20,6.22,5.75,5.85,5198825.21,5.85
2015-05-06 00:00:00,5.85,5.95,5.55,5.59,3847561.39,5.59
2015-05-07 00:00:00,5.58,5.77,5.52,5.63,3276564.84,5.63
2015-05-08 00:00:00,5.81,6.13,5.80,6.00,5328998.66,6.00
2015-05-11 00:00:00,6.10,6.10,5.95,6.09,5498317.21,6.09
2015-05-12 00:00:00,6.10,6.17,6.01,6.06,4277893.74,6.06
2015-05-13 00:00:00,6.08,6.14,5.91,5.97,4499749.54,5.97
2015-05-14 00:00:00,6.15,6.57,6.11,6.57,10947774.76,6.57
2015-05-15 00:00:00,6.69,6.70,6.22,6.29,11264768.33,6.29
2015-05-18 00:00:00,6.18,6.35,6.05,6.13,5742323.14,6.13
2015-05-19 00:00:00,6.10,6.27,6.09,6.20,4269910.74,6.20
2015-05-20 00:00:00,6.24,6.30,6.14,6.19,5774901.11,6.19
2015-05-21 00:00:00,6.18,6.30,6.15,6.26,4841673.47,6.26
2015-05-22 00:00:00,6.32,6.45,6.24,6.40,7030233.20,6.40
2015-05-25 00:00:00,6.38,6.67,6.34,6.58,7554573.76,6.58
2015-05-26 00:00:00,6.62,7.20,6.51,7.03,11127112.66,7.03
2015-05-27 00:00:00,6.99,6.99,6.72,6.82,7681048.83,6.82
2015-05-28 00:00:00,6.82,7.31,6.50,6.52,9432153.28,6.52
2015-05-29 00:00:00,6.53,6.69,6.20,6.40,6018819.70,6.40
2015-06-01 00:00:00,6.41,6.69,6.34,6.68,5598834.80,6.68
2015-06-02 00:00:00,6.68,6.78,6.56,6.73,5868848.83,6.73
2015-06-03 00:00:00,6.73,7.03,6.62,7.00,7922054.77,7.00
2015-06-04 00:00:00,7.02,7.27,6.44,7.10,8484615.13,7.10
2015-06-05 00:00:00,7.20,7.30,6.88,7.04,7769901.30,7.04
2015-06-08 00:00:00,7.04,7.08,6.80,6.96,6490405.11,6.96
2015-06-09 00:00:00,6.96,7.20,6.89,7.16,7839248.18,7.16
2015-06-10 00:00:00,7.12,7.65,7.02,7.38,10526990.17,7.38
2015-06-11 00:00:00,7.28,7.46,7.22,7.29,5905603.46,7.29
2015-06-12 00:00:00,7.29,7.43,7.24,7.33,5558519.93,7.33
2015-06-15 00:00:00,7.38,7.68,7.31,7.48,8324436.25,7.48
2015-06-16 00:00:00,7.35,7.42,6.98,7.04,7016032.34,7.04
2015-06-17 00:00:00,7.00,7.10,6.67,7.06,5515913.54,7.06
2015-06-18 00:00:00,7.05,7.40,6.98,7.07,5951508.16,7.07
2015-06-19 00:00:00,6.89,7.23,6.52,6.60,5229402.10,6.60
2015-06-23 00:00:00,6.70,6.75,5.95,6.60,5505228.38,6.60
2015-06-24 00:00:00,6.67,6.87,6.60,6.85,5626477.37,6.85
2015-06-25 00:00:00,6.88,6.90,6.30,6.45,5494646.23,6.45
2015-06-26 00:00:00,6.20,6.34,5.81,5.81,5822529.50,5.81
2015-06-29 00:00:00,5.98,6.01,5.23,5.23,7332694.31,5.23
2015-06-30 00:00:00,5.18,5.70,4.71,5.65,7881357.09,5.65
2015-07-01 00:00:00,5.59,5.74,5.11,5.24,5802714.63,5.24
2015-07-02 00:00:00,5.75,5.75,5.27,5.48,9321967.62,5.48
2015-07-03 00:00:00,5.29,5.75,4.97,5.28,7147486.94,5.28
2015-07-06 00:00:00,5.80,5.81,5.09,5.50,7355788.27,5.50
2015-07-07 00:00:00,5.33,5.43,4.95,4.99,8077254.90,4.99
2015-07-08 00:00:00,4.49,4.69,4.49,4.49,5923960.19,4.49
2015-07-09 00:00:00,4.49,4.94,4.11,4.94,7508831.09,4.94
2015-07-10 00:00:00,5.10,5.43,5.00,5.43,7358581.56,5.43
2015-07-13 00:00:00,5.56,5.90,5.38,5.90,10295130.60,5.90
2015-07-14 00:00:00,5.70,5.90,5.42,5.52,7854917.59,5.52
2015-07-15 00:00:00,5.39,5.48,4.97,4.97,5613089.41,4.97
2015-07-16 00:00:00,4.97,5.25,4.71,5.10,3937915.23,5.10
2015-07-17 00:00:00,5.20,5.49,5.14,5.41,3883923.05,5.41
2015-07-20 00:00:00,5.43,5.62,5.31,5.42,4102370.28,5.42
2015-07-21 00:00:00,5.36,5.56,5.30,5.43,3101333.97,5.43
2015-07-22 00:00:00,5.42,5.50,5.29,5.40,3285566.01,5.40
2015-07-23 00:00:00,5.39,5.62,5.34,5.59,5341708.23,5.59
2015-07-24 00:00:00,5.66,5.69,5.37,5.45,5207341.42,5.45
2015-07-27 00:00:00,5.33,5.36,4.91,4.91,4592347.83,4.91
2015-07-28 00:00:00,4.69,4.98,4.43,4.79,5255426.45,4.79
2015-07-29 00:00:00,4.84,5.05,4.75,5.04,3004329.08,5.04
2015-07-30 00:00:00,5.00,5.05,4.73,4.75,2862467.75,4.75
2015-07-31 00:00:00,4.69,4.86,4.66,4.83,2282995.97,4.83
2015-08-03 00:00:00,4.75,4.99,4.72,4.97,2975206.54,4.97
2015-08-04 00:00:00,4.97,5.15,4.91,5.13,2806907.46,5.13
2015-08-05 00:00:00,5.08,5.12,4.93,4.96,2326129.65,4.96
2015-08-06 00:00:00,5.14,5.28,5.07,5.10,3938270.02,5.10
2015-08-07 00:00:00,5.07,5.25,5.06,5.22,3758470.87,5.22
2015-08-10 00:00:00,5.28,5.45,5.18,5.40,4956725.99,5.40
2015-08-11 00:00:00,5.36,5.39,5.30,5.32,4109486.98,5.32
2015-08-12 00:00:00,5.33,5.55,5.30,5.33,4198552.86,5.33
2015-08-13 00:00:00,5.30,5.71,5.28,5.62,6945941.76,5.62
2015-08-14 00:00:00,5.59,5.62,5.47,5.50,5113185.51,5.50
2015-08-17 00:00:00,5.56,5.84,5.53,5.75,6422139.33,5.75
2015-08-18 00:00:00,5.73,5.73,5.18,5.18,5817819.02,5.18
2015-08-19 00:00:00,4.99,5.35,4.85,5.29,3889090.50,5.29
2015-08-20 00:00:00,5.21,5.31,5.04,5.08,2518052.51,5.08
2015-08-21 00:00:00,4.95,5.04,4.73,4.78,2849092.10,4.78
2015-08-24 00:00:00,4.59,4.59,4.30,4.30,3475737.00,4.30
2015-08-25 00:00:00,3.90,4.08,3.87,3.87,4286998.76,3.87
2015-08-26 00:00:00,3.96,4.07,3.68,3.79,3816231.12,3.79
2015-08-27 00:00:00,3.89,3.99,3.77,3.99,2801873.72,3.99
2015-08-28 00:00:00,4.07,4.27,3.98,4.24,3808109.74,4.24
2015-08-31 00:00:00,4.15,4.16,4.00,4.09,2915660.18,4.09
2015-09-01 00:00:00,4.04,4.26,3.84,4.19,3857744.39,4.19
2015-09-02 00:00:00,4.00,4.26,3.95,4.22,3805655.53,4.22
2015-09-07 00:00:00,4.22,4.38,4.12,4.15,2583776.91,4.15
2015-09-08 00:00:00,4.10,4.26,4.00,4.23,1695442.85,4.23
2015-09-09 00:00:00,4.25,4.36,4.21,4.35,2914771.89,4.35
2015-09-10 00:00:00,4.28,4.31,4.20,4.22,1518942.55,4.22
2015-09-11 00:00:00,4.21,4.25,4.10,4.16,1411318.63,4.16
2015-09-14 00:00:00,4.18,4.22,3.92,3.98,2315546.79,3.98
2015-09-15 00:00:00,3.90,3.96,3.70,3.73,1552371.07,3.73
2015-09-16 00:00:00,3.74,4.09,3.74,4.03,1836511.75,4.03
2015-09-17 00:00:00,4.00,4.08,3.91,3.91,1869122.81,3.91
2015-09-18 00:00:00,3.96,3.99,3.86,3.91,1062557.91,3.91
2015-09-21 00:00:00,3.88,3.98,3.85,3.97,1086477.70,3.97
2015-09-22 00:00:00,3.98,4.03,3.94,3.99,1455735.82,3.99
2015-09-23 00:00:00,3.95,3.96,3.88,3.89,1178925.15,3.89
2015-09-24 00:00:00,3.92,3.96,3.90,3.93,858018.47,3.93
2015-09-25 00:00:00,3.91,3.92,3.80,3.82,1017977.76,3.82
2015-09-28 00:00:00,3.84,3.85,3.78,3.83,608239.99,3.83
2015-09-29 00:00:00,3.78,3.81,3.74,3.75,700121.85,3.75
2015-09-30 00:00:00,3.78,3.79,3.75,3.77,570167.86,3.77
2015-10-08 00:00:00,3.95,3.98,3.88,3.92,1510338.38,3.92
2015-10-09 00:00:00,3.92,3.96,3.88,3.92,1471265.09,3.92
2015-10-12 00:00:00,3.95,4.16,3.92,4.12,3157355.58,4.12
2015-10-13 00:00:00,4.08,4.10,4.05,4.08,1701253.79,4.08
2015-10-14 00:00:00,4.07,4.12,4.03,4.03,1557492.09,4.03
2015-10-15 00:00:00,4.02,4.22,4.01,4.16,2474393.63,4.16
2015-10-16 00:00:00,4.18,4.20,4.08,4.16,2586639.01,4.16
2015-10-19 00:00:00,4.16,4.24,4.12,4.17,2337066.56,4.17
2015-10-20 00:00:00,4.15,4.22,4.14,4.21,2065452.96,4.21
2015-10-21 00:00:00,4.21,4.32,3.99,4.05,3870751.63,4.05
2015-10-22 00:00:00,4.05,4.08,3.98,4.07,2757684.88,4.07
2015-10-23 00:00:00,4.09,4.20,4.05,4.17,3118321.78,4.17
2015-10-26 00:00:00,4.20,4.21,4.09,4.14,2488172.43,4.14
2015-10-27 00:00:00,4.12,4.14,4.00,4.09,1962114.21,4.09
2015-10-28 00:00:00,4.07,4.11,4.01,4.02,1423341.28,4.02
2015-10-29 00:00:00,4.04,4.07,4.01,4.04,1175614.18,4.04
2015-10-30 00:00:00,4.03,4.04,3.98,3.99,1163877.27,3.99
2015-11-02 00:00:00,3.95,3.99,3.89,3.90,1325117.36,3.90
2015-11-03 00:00:00,3.90,3.94,3.88,3.89,823563.33,3.89
2015-11-04 00:00:00,3.90,4.05,3.90,4.05,1933744.03,4.05
2015-11-05 00:00:00,4.05,4.29,4.03,4.17,4649923.47,4.17
2015-11-06 00:00:00,4.16,4.25,4.13,4.23,3256647.61,4.23
2015-11-09 00:00:00,4.21,4.32,4.19,4.27,3614078.87,4.27
2015-11-10 00:00:00,4.24,4.28,4.19,4.25,2465958.35,4.25
2015-11-11 00:00:00,4.24,4.29,4.20,4.26,2343614.35,4.26
2015-11-12 00:00:00,4.28,4.29,4.16,4.18,2263783.06,4.18
2015-11-13 00:00:00,4.14,4.16,4.07,4.07,2011405.67,4.07
2015-11-16 00:00:00,4.01,4.09,3.99,4.09,1078118.87,4.09
2015-11-17 00:00:00,4.11,4.18,4.08,4.12,2072269.39,4.12
2015-11-18 00:00:00,4.10,4.13,4.06,4.07,1233237.13,4.07
2015-11-19 00:00:00,4.08,4.15,4.07,4.14,1550095.44,4.14
2015-11-20 00:00:00,4.14,4.19,4.12,4.16,2104172.89,4.16
2015-11-23 00:00:00,4.16,4.18,4.09,4.11,1531811.39,4.11
2015-11-24 00:00:00,4.10,4.10,4.04,4.09,1129136.28,4.09
2015-11-25 00:00:00,4.08,4.12,4.05,4.12,1254514.65,4.12
2015-11-26 00:00:00,4.12,4.16,4.08,4.10,1287958.38,4.10
2015-11-27 00:00:00,4.07,4.09,3.81,3.87,2013075.80,3.87
2015-11-30 00:00:00,3.88,3.92,3.76,3.87,1273513.09,3.87
2015-12-01 00:00:00,3.88,3.92,3.83,3.89,1105328.50,3.89
2015-12-02 00:00:00,3.90,4.05,3.87,4.01,1632538.79,4.01
2015-12-03 00:00:00,4.04,4.04,3.98,4.01,1209781.96,4.01
2015-12-04 00:00:00,3.98,4.00,3.92,3.94,1197141.78,3.94
2015-12-07 00:00:00,3.94,4.04,3.92,4.04,1756451.83,4.04
2015-12-08 00:00:00,4.00,4.13,4.00,4.06,2399788.16,4.06
2015-12-09 00:00:00,4.04,4.05,3.97,4.00,1259989.06,4.00
2015-12-10 00:00:00,4.00,4.04,3.98,3.98,1147386.62,3.98
2015-12-11 00:00:00,4.01,4.08,3.97,4.06,1698473.17,4.06
2015-12-14 00:00:00,4.15,4.18,4.03,4.10,2348783.05,4.10
2015-12-15 00:00:00,4.06,4.12,4.04,4.08,1488703.05,4.08
2015-12-16 00:00:00,4.09,4.10,4.03,4.04,1146284.06,4.04
2015-12-17 00:00:00,4.05,4.13,4.05,4.13,2315016.13,4.13
2015-12-18 00:00:00,4.11,4.17,4.09,4.15,2261434.87,4.15
2015-12-21 00:00:00,4.12,4.57,4.11,4.57,4251434.23,4.57
2015-12-22 00:00:00,4.72,4.83,4.60,4.63,7729388.94,4.63
2015-12-23 00:00:00,4.60,4.76,4.48,4.50,4339153.84,4.50
2015-12-24 00:00:00,4.48,4.52,4.33,4.38,2818872.84,4.38
2015-12-25 00:00:00,4.40,4.43,4.36,4.42,1882310.89,4.42
2015-12-28 00:00:00,4.43,4.48,4.23,4.25,2462226.61,4.25
2015-12-29 00:00:00,4.27,4.44,4.23,4.38,2117466.22,4.38
2015-12-30 00:00:00,4.36,4.39,4.28,4.33,1318189.65,4.33
2015-12-31 00:00:00,4.34,4.34,4.25,4.26,1212738.33,4.26
2016-01-04 00:00:00,4.25,4.29,3.86,3.88,1850254.28,3.88
2016-01-05 00:00:00,3.75,4.02,3.70,3.97,2602644.42,3.97
2016-01-06 00:00:00,4.00,4.08,3.97,4.07,1614168.27,4.07
2016-01-07 00:00:00,4.02,4.03,3.73,3.76,517054.27,3.76
2016-01-08 00:00:00,3.90,3.95,3.73,3.92,2403484.67,3.92
2016-01-11 00:00:00,3.87,3.91,3.71,3.75,1980072.46,3.75
2016-01-12 00:00:00,3.77,3.85,3.75,3.81,1347137.77,3.81
2016-01-13 00:00:00,3.80,3.86,3.75,3.75,1158729.06,3.75
2016-01-14 00:00:00,3.67,3.81,3.63,3.80,1627207.75,3.80
2016-01-15 00:00:00,3.78,3.78,3.58,3.60,1529874.79,3.60
2016-01-18 00:00:00,3.50,3.67,3.45,3.59,1133516.93,3.59
2016-01-19 00:00:00,3.58,3.73,3.54,3.70,1388645.16,3.70
2016-01-20 00:00:00,3.68,3.71,3.51,3.60,1474680.20,3.60
2016-01-21 00:00:00,3.52,3.62,3.52,3.52,992954.68,3.52
2016-01-22 00:00:00,3.55,3.58,3.50,3.57,842282.92,3.57
2016-01-25 00:00:00,3.58,3.65,3.57,3.64,826123.25,3.64
2016-01-26 00:00:00,3.61,3.61,3.42,3.44,1223829.38,3.44
2016-01-27 00:00:00,3.47,3.53,3.33,3.52,1348198.33,3.52
2016-01-28 00:00:00,3.50,3.60,3.47,3.52,1204094.90,3.52
2016-01-29 00:00:00,3.50,3.65,3.49,3.62,952305.83,3.62
2016-02-01 00:00:00,3.60,3.67,3.58,3.66,841173.29,3.66
2016-02-02 00:00:00,3.65,3.74,3.64,3.72,931588.84,3.72
2016-02-03 00:00:00,3.68,3.72,3.63,3.70,751967.73,3.70
2016-02-04 00:00:00,3.70,3.74,3.70,3.72,721486.73,3.72
2016-02-05 00:00:00,3.73,3.75,3.71,3.73,598323.79,3.73
2016-02-15 00:00:00,3.61,3.73,3.61,3.69,486348.16,3.69
2016-02-16 00:00:00,3.73,3.95,3.73,3.85,1244560.47,3.85
2016-02-17 00:00:00,3.82,4.03,3.80,4.03,1912007.48,4.03
2016-02-18 00:00:00,4.00,4.04,3.94,3.94,1264154.18,3.94
2016-02-19 00:00:00,3.94,4.01,3.92,3.98,997950.89,3.98
2016-02-22 00:00:00,4.05,4.12,3.97,4.12,2003266.93,4.12
2016-02-23 00:00:00,4.10,4.10,3.95,3.99,1655610.97,3.99
2016-02-24 00:00:00,4.00,4.00,3.90,3.97,1020476.83,3.97
2016-02-25 00:00:00,3.95,3.96,3.63,3.68,1782170.51,3.68
2016-02-26 00:00:00,3.90,4.05,3.82,3.94,2754204.27,3.94
2016-02-29 00:00:00,3.80,3.86,3.61,3.73,1718604.37,3.73
2016-03-01 00:00:00,3.73,3.84,3.68,3.80,1061910.99,3.80
2016-03-02 00:00:00,3.78,4.02,3.77,3.99,1710242.91,3.99
2016-03-03 00:00:00,3.96,4.03,3.93,3.94,1321084.96,3.94
2016-03-04 00:00:00,3.91,3.99,3.86,3.94,1764989.06,3.94
2016-03-07 00:00:00,3.96,4.00,3.93,3.95,807520.40,3.95
2016-03-08 00:00:00,3.94,3.97,3.81,3.94,938392.91,3.94
2016-03-09 00:00:00,3.89,3.89,3.82,3.84,660504.95,3.84
2016-03-10 00:00:00,3.85,3.89,3.80,3.81,506640.10,3.81
2016-03-11 00:00:00,3.80,3.84,3.76,3.81,397410.73,3.81
2016-03-14 00:00:00,3.84,3.93,3.82,3.90,834628.73,3.90
2016-03-15 00:00:00,3.88,3.90,3.84,3.85,547555.55,3.85
2016-03-16 00:00:00,3.86,3.89,3.81,3.83,524400.16,3.83
2016-03-17 00:00:00,3.84,3.91,3.83,3.89,752620.75,3.89
2016-03-18 00:00:00,3.89,3.99,3.87,3.95,1824734.98,3.95
2016-03-21 00:00:00,3.97,4.03,3.93,3.99,2324660.13,3.99
2016-03-22 00:00:00,3.97,3.97,3.93,3.95,885424.42,3.95
2016-03-23 00:00:00,3.93,3.95,3.90,3.93,866404.62,3.93
2016-03-24 00:00:00,3.91,3.91,3.84,3.85,1175394.56,3.85
2016-03-25 00:00:00,3.81,3.89,3.81,3.86,732980.24,3.86
2016-03-28 00:00:00,3.86,3.89,3.81,3.83,732365.88,3.83
2016-03-29 00:00:00,3.82,3.83,3.73,3.76,757331.46,3.76
2016-03-30 00:00:00,3.79,3.85,3.78,3.84,739876.26,3.84
2016-03-31 00:00:00,3.86,3.87,3.81,3.83,673555.74,3.83
2016-04-01 00:00:00,3.82,3.83,3.76,3.80,625576.12,3.80
2016-04-05 00:00:00,3.80,3.92,3.79,3.89,1043807.91,3.89
2016-04-06 00:00:00,3.87,3.88,3.83,3.86,614604.90,3.86
2016-04-07 00:00:00,3.87,3.87,3.81,3.82,590342.35,3.82
2016-04-08 00:00:00,3.81,3.81,3.76,3.78,531058.43,3.78
2016-04-11 00:00:00,3.77,3.83,3.77,3.80,813881.14,3.80
2016-04-12 00:00:00,3.80,3.80,3.75,3.76,682377.97,3.76
2016-04-13 00:00:00,3.78,3.87,3.77,3.82,1375855.40,3.82
2016-04-14 00:00:00,3.83,3.85,3.78,3.82,938110.10,3.82
2016-04-15 00:00:00,3.82,3.83,3.79,3.81,445963.65,3.81
2016-04-18 00:00:00,3.80,3.80,3.75,3.76,597495.56,3.76
2016-04-19 00:00:00,3.77,3.78,3.74,3.77,363479.54,3.77
2016-04-20 00:00:00,3.77,3.78,3.58,3.66,1171729.40,3.66
2016-04-21 00:00:00,3.63,3.65,3.59,3.62,599220.63,3.62
2016-04-22 00:00:00,3.60,3.61,3.55,3.60,583555.77,3.60
2016-04-25 00:00:00,3.60,3.60,3.55,3.58,350281.86,3.58
2016-04-26 00:00:00,3.59,3.61,3.58,3.61,427750.66,3.61
2016-04-27 00:00:00,3.54,3.54,3.50,3.51,456789.30,3.51
2016-04-28 00:00:00,3.51,3.52,3.42,3.46,511211.58,3.46
2016-04-29 00:00:00,3.45,3.47,3.41,3.44,318775.75,3.44
2016-05-03 00:00:00,3.45,3.61,3.43,3.58,924101.37,3.58
2016-05-04 00:00:00,3.56,3.58,3.54,3.57,657656.09,3.57
2016-05-05 00:00:00,3.57,3.58,3.53,3.55,321889.10,3.55
2016-05-06 00:00:00,3.55,3.58,3.45,3.46,653581.42,3.46
2016-05-09 00:00:00,3.45,3.45,3.35,3.36,671369.00,3.36
2016-05-10 00:00:00,3.36,3.39,3.34,3.34,528655.64,3.34
2016-05-11 00:00:00,3.36,3.42,3.34,3.38,712230.42,3.38
2016-05-12 00:00:00,3.35,3.38,3.32,3.37,519859.21,3.37
2016-05-13 00:00:00,3.36,3.39,3.34,3.36,346032.90,3.36
2016-05-16 00:00:00,3.36,3.38,3.33,3.38,327035.05,3.38
2016-05-17 00:00:00,3.38,3.39,3.34,3.36,294143.62,3.36
2016-05-18 00:00:00,3.35,3.35,3.24,3.30,658310.28,3.30
2016-05-19 00:00:00,3.30,3.35,3.28,3.30,297825.26,3.30
2016-05-20 00:00:00,3.30,3.31,3.27,3.31,331509.86,3.31
2016-05-23 00:00:00,3.31,3.33,3.30,3.31,248091.82,3.31
2016-05-24 00:00:00,3.31,3.38,3.29,3.36,684316.62,3.36
2016-05-25 00:00:00,3.35,3.37,3.30,3.31,475858.69,3.31
2016-05-26 00:00:00,3.31,3.32,3.25,3.30,399845.81,3.30
2016-05-27 00:00:00,3.29,3.43,3.27,3.39,1112242.11,3.39
2016-05-30 00:00:00,3.35,3.35,3.31,3.32,651005.81,3.32
2016-05-31 00:00:00,3.32,3.41,3.31,3.40,1127465.42,3.40
2016-06-01 00:00:00,3.40,3.44,3.38,3.41,843922.71,3.41
2016-06-02 00:00:00,3.40,3.42,3.38,3.41,607169.55,3.41
2016-06-03 00:00:00,3.41,3.41,3.38,3.39,500392.28,3.39
2016-06-06 00:00:00,3.40,3.44,3.38,3.41,598767.73,3.41
2016-06-07 00:00:00,3.41,3.41,3.36,3.37,465039.20,3.37
2016-06-08 00:00:00,3.39,3.39,3.33,3.34,454166.77,3.34
2016-06-13 00:00:00,3.32,3.36,3.26,3.27,612538.07,3.27
2016-06-14 00:00:00,3.26,3.28,3.25,3.27,338979.10,3.27
2016-06-15 00:00:00,3.25,3.33,3.24,3.31,485374.43,3.31
2016-06-16 00:00:00,3.30,3.31,3.25,3.27,509217.02,3.27
2016-06-17 00:00:00,3.27,3.32,3.26,3.28,620788.17,3.28
2016-06-20 00:00:00,3.28,3.40,3.25,3.36,1042370.72,3.36
2016-06-21 00:00:00,3.35,3.35,3.29,3.30,726180.19,3.30
2016-06-22 00:00:00,3.30,3.34,3.29,3.33,410528.96,3.33
2016-06-23 00:00:00,3.31,3.32,3.28,3.29,400755.98,3.29
2016-06-24 00:00:00,3.29,3.31,3.22,3.25,633889.20,3.25
2016-06-27 00:00:00,3.24,3.29,3.23,3.27,513622.43,3.27
2016-06-28 00:00:00,3.27,3.29,3.25,3.28,461960.24,3.28
2016-06-29 00:00:00,3.29,3.33,3.28,3.30,592693.21,3.30
2016-06-30 00:00:00,3.31,3.31,3.28,3.29,382419.62,3.29
2016-07-01 00:00:00,3.30,3.31,3.28,3.28,384664.40,3.28
2016-07-04 00:00:00,3.28,3.34,3.27,3.33,947649.32,3.33
2016-07-05 00:00:00,3.32,3.36,3.32,3.35,699303.82,3.35
2016-07-06 00:00:00,3.34,3.38,3.32,3.36,882882.48,3.36
2016-07-07 00:00:00,3.36,3.38,3.34,3.36,642677.19,3.36
2016-07-08 00:00:00,3.36,3.37,3.34,3.35,556551.42,3.35
2016-07-11 00:00:00,3.36,3.65,3.36,3.48,2567424.23,3.48
2016-07-12 00:00:00,3.47,3.60,3.45,3.58,1754070.70,3.58
2016-07-13 00:00:00,3.59,3.62,3.54,3.55,965731.30,3.55
2016-07-14 00:00:00,3.55,3.56,3.47,3.50,1030225.11,3.50
2016-07-15 00:00:00,3.49,3.51,3.47,3.49,784066.89,3.49
2016-07-18 00:00:00,3.48,3.49,3.45,3.47,519980.30,3.47
2016-07-19 00:00:00,3.48,3.49,3.41,3.46,501512.39,3.46
2016-07-20 00:00:00,3.46,3.55,3.45,3.52,908376.31,3.52
2016-07-21 00:00:00,3.60,3.66,3.55,3.56,1236581.61,3.56
2016-07-22 00:00:00,3.55,3.61,3.52,3.52,583735.57,3.52
2016-07-25 00:00:00,3.53,3.63,3.53,3.56,841741.09,3.56
2016-07-26 00:00:00,3.56,3.62,3.54,3.60,689637.44,3.60
2016-07-27 00:00:00,3.59,3.65,3.45,3.53,1154329.00,3.53
2016-07-28 00:00:00,3.51,3.54,3.44,3.48,1070006.84,3.48
2016-07-29 00:00:00,3.47,3.53,3.45,3.50,512392.06,3.50
2016-08-01 00:00:00,3.49,3.49,3.41,3.43,560288.25,3.43
2016-08-02 00:00:00,3.43,3.44,3.41,3.43,395115.43,3.43
2016-08-03 00:00:00,3.43,3.47,3.40,3.42,746332.24,3.42
2016-12-19 00:00:00,3.70,3.70,3.50,3.53,2817728.44,3.53
2016-12-20 00:00:00,3.52,3.77,3.52,3.62,2220567.72,3.62
2016-12-21 00:00:00,3.60,3.65,3.56,3.61,1260542.74,3.61
2016-12-22 00:00:00,3.61,3.61,3.53,3.54,1034147.88,3.54
2016-12-23 00:00:00,3.54,3.55,3.42,3.44,1079334.24,3.44
2016-12-26 00:00:00,3.43,3.45,3.38,3.44,680904.16,3.44
2016-12-27 00:00:00,3.41,3.42,3.35,3.36,1097023.47,3.36
2016-12-28 00:00:00,3.34,3.35,3.28,3.29,993920.53,3.29
2016-12-29 00:00:00,3.28,3.32,3.27,3.29,473598.90,3.29
2016-12-30 00:00:00,3.29,3.31,3.28,3.30,491072.67,3.30
2017-01-03 00:00:00,3.29,3.57,3.28,3.43,1326803.02,3.43
2017-01-04 00:00:00,3.41,3.44,3.37,3.42,697368.83,3.42
2017-01-05 00:00:00,3.41,3.44,3.40,3.42,596026.01,3.42
2017-01-06 00:00:00,3.43,3.43,3.39,3.39,490890.91,3.39
2017-01-09 00:00:00,3.39,3.45,3.38,3.42,516650.11,3.42
2017-01-10 00:00:00,3.42,3.44,3.40,3.41,380399.09,3.41
2017-01-11 00:00:00,3.41,3.43,3.38,3.38,391567.59,3.38
2017-01-12 00:00:00,3.39,3.46,3.38,3.44,1000965.08,3.44
2017-01-13 00:00:00,3.43,3.43,3.37,3.38,544315.19,3.38
2017-01-16 00:00:00,3.37,3.37,3.28,3.32,829277.43,3.32
2017-01-17 00:00:00,3.31,3.44,3.30,3.43,915110.10,3.43
2017-01-18 00:00:00,3.41,3.46,3.41,3.42,363258.44,3.42
2017-01-19 00:00:00,3.41,3.49,3.40,3.45,762240.51,3.45
2017-01-20 00:00:00,3.45,3.54,3.44,3.50,907921.67,3.50
2017-01-23 00:00:00,3.50,3.54,3.49,3.53,548847.01,3.53
2017-01-24 00:00:00,3.52,3.53,3.49,3.50,438370.72,3.50
2017-01-25 00:00:00,3.49,3.52,3.48,3.50,292420.77,3.50
2017-01-26 00:00:00,3.51,3.52,3.46,3.48,362158.10,3.48
2017-02-03 00:00:00,3.47,3.49,3.45,3.46,342778.36,3.46
2017-02-06 00:00:00,3.50,3.58,3.48,3.53,693939.63,3.53
2017-02-07 00:00:00,3.52,3.53,3.48,3.50,365749.85,3.50
2017-02-08 00:00:00,3.50,3.53,3.49,3.52,410727.65,3.52
2017-02-09 00:00:00,3.51,3.54,3.50,3.52,409214.76,3.52
2017-02-10 00:00:00,3.51,3.58,3.51,3.58,1237194.55,3.58
2017-02-13 00:00:00,3.57,3.62,3.56,3.60,942275.14,3.60
2017-02-14 00:00:00,3.60,3.65,3.58,3.62,1045839.67,3.62
2017-02-15 00:00:00,3.62,3.72,3.59,3.60,1033946.95,3.60
2017-02-16 00:00:00,3.63,3.70,3.63,3.66,1070239.26,3.66
2017-02-17 00:00:00,3.64,3.68,3.59,3.62,951557.09,3.62
2017-02-20 00:00:00,3.62,3.75,3.62,3.74,1471227.33,3.74
2017-02-21 00:00:00,3.74,3.76,3.70,3.73,861828.34,3.73
2017-02-22 00:00:00,3.72,3.78,3.70,3.76,1026210.64,3.76
2017-02-23 00:00:00,3.76,3.79,3.68,3.69,970970.04,3.69
2017-02-24 00:00:00,3.69,3.71,3.65,3.69,717439.48,3.69
2017-02-27 00:00:00,3.69,3.69,3.61,3.63,744937.64,3.63
2017-02-28 00:00:00,3.62,3.66,3.62,3.64,365859.91,3.64
2017-03-01 00:00:00,3.64,3.66,3.60,3.61,779685.16,3.61
2017-03-02 00:00:00,3.62,3.64,3.58,3.59,683707.93,3.59
2017-03-03 00:00:00,3.57,3.59,3.57,3.58,414804.71,3.58
2017-03-06 00:00:00,3.58,3.66,3.58,3.62,886922.19,3.62
2017-03-07 00:00:00,3.63,3.65,3.60,3.63,501962.02,3.63
2017-03-08 00:00:00,3.63,3.64,3.58,3.59,385532.58,3.59
2017-03-09 00:00:00,3.59,3.59,3.53,3.55,554234.18,3.55
2017-03-10 00:00:00,3.56,3.57,3.53,3.55,400230.68,3.55
2017-03-13 00:00:00,3.55,3.59,3.51,3.58,503235.83,3.58
2017-03-14 00:00:00,3.58,3.58,3.53,3.54,528007.96,3.54
2017-03-15 00:00:00,3.53,3.57,3.52,3.54,552056.71,3.54
2017-03-16 00:00:00,3.55,3.58,3.54,3.57,555978.44,3.57
2017-03-17 00:00:00,3.57,3.58,3.53,3.54,506855.48,3.54
2017-03-20 00:00:00,3.54,3.55,3.51,3.54,347421.06,3.54
2017-03-21 00:00:00,3.53,3.57,3.52,3.56,403566.10,3.56
2017-03-22 00:00:00,3.54,3.55,3.51,3.53,553497.66,3.53
2017-03-23 00:00:00,3.53,3.57,3.52,3.55,475002.02,3.55
2017-03-24 00:00:00,3.55,3.60,3.54,3.59,923291.17,3.59
2017-03-27 00:00:00,3.58,3.65,3.58,3.64,965697.52,3.64
2017-03-28 00:00:00,3.63,3.65,3.60,3.63,645523.04,3.63
2017-03-29 00:00:00,3.63,3.65,3.60,3.63,738220.22,3.63
2017-03-30 00:00:00,3.63,3.64,3.51,3.53,968810.50,3.53
2017-03-31 00:00:00,3.54,3.55,3.49,3.53,608339.28,3.53
2017-04-05 00:00:00,3.54,3.64,3.54,3.63,1042462.90,3.63
2017-04-06 00:00:00,3.62,3.64,3.60,3.61,499224.86,3.61
2017-04-07 00:00:00,3.62,3.64,3.59,3.63,712802.70,3.63
2017-04-10 00:00:00,3.59,3.59,3.53,3.58,776461.36,3.58
2017-04-11 00:00:00,3.58,3.59,3.52,3.58,792035.69,3.58
2017-04-12 00:00:00,3.58,3.75,3.57,3.69,2508491.81,3.69
2017-04-13 00:00:00,3.67,3.69,3.63,3.65,1168945.30,3.65
2017-04-14 00:00:00,3.64,3.65,3.55,3.57,1117155.29,3.57
2017-04-17 00:00:00,3.56,3.57,3.52,3.56,597525.65,3.56
2017-04-18 00:00:00,3.55,3.58,3.54,3.54,399617.01,3.54
2017-04-19 00:00:00,3.53,3.54,3.47,3.51,702768.56,3.51
2017-04-20 00:00:00,3.51,3.53,3.48,3.51,625886.70,3.51
2017-07-26 00:00:00,3.72,3.72,3.53,3.61,4003593.81,3.61
2017-07-27 00:00:00,3.58,3.60,3.55,3.58,1422109.66,3.58
2017-07-28 00:00:00,3.58,3.64,3.57,3.59,1061779.68,3.59
2017-07-31 00:00:00,3.57,3.69,3.55,3.67,1760716.79,3.67
2017-08-01 00:00:00,3.65,3.95,3.65,3.83,3030166.31,3.83
2017-08-02 00:00:00,3.85,3.86,3.75,3.77,1882218.26,3.77
2017-08-03 00:00:00,3.75,3.80,3.75,3.78,997027.54,3.78
2017-08-04 00:00:00,3.79,3.80,3.71,3.71,893553.72,3.71
2017-08-07 00:00:00,3.71,3.74,3.69,3.72,663916.58,3.72
2017-08-08 00:00:00,3.72,3.75,3.70,3.72,649911.46,3.72
2017-08-09 00:00:00,3.72,3.72,3.64,3.68,1037194.74,3.68
2017-08-10 00:00:00,3.67,3.67,3.60,3.61,781866.95,3.61
2017-08-11 00:00:00,3.59,3.60,3.52,3.53,828520.55,3.53
2017-08-14 00:00:00,3.54,3.59,3.54,3.58,469160.84,3.58
2017-08-15 00:00:00,3.59,3.63,3.57,3.60,503669.89,3.60
2017-08-16 00:00:00,3.59,3.60,3.57,3.59,408923.68,3.59
2017-08-17 00:00:00,3.58,3.61,3.58,3.60,463737.66,3.60
2017-08-18 00:00:00,3.58,3.60,3.57,3.59,379865.02,3.59
2017-08-21 00:00:00,3.58,3.63,3.58,3.62,614949.71,3.62
2017-08-22 00:00:00,3.62,3.62,3.58,3.59,396081.47,3.59
2017-08-23 00:00:00,3.59,3.59,3.56,3.58,315665.00,3.58
2017-08-24 00:00:00,3.58,3.59,3.55,3.55,354177.94,3.55
2017-08-25 00:00:00,3.55,3.59,3.54,3.58,373419.25,3.58
2017-08-28 00:00:00,3.59,3.63,3.58,3.61,834434.02,3.61
2017-08-29 00:00:00,3.61,3.63,3.58,3.59,438398.16,3.59
2017-08-30 00:00:00,3.59,3.61,3.58,3.59,464607.85,3.59
2017-08-31 00:00:00,3.59,3.60,3.56,3.57,500122.35,3.57
2017-09-01 00:00:00,3.58,3.60,3.57,3.59,506613.95,3.59
2017-09-04 00:00:00,3.59,3.60,3.55,3.57,661823.17,3.57
2017-09-05 00:00:00,3.57,3.60,3.56,3.59,569493.88,3.59
2017-09-06 00:00:00,3.58,3.59,3.55,3.58,572535.00,3.58
2017-09-21 00:00:00,3.61,3.74,3.60,3.64,1901324.66,3.64
2017-09-22 00:00:00,3.62,3.63,3.55,3.57,756903.80,3.57
2017-09-25 00:00:00,3.57,3.58,3.50,3.51,434498.17,3.51
2017-09-26 00:00:00,3.51,3.57,3.51,3.55,512325.33,3.55
2017-09-27 00:00:00,3.54,3.56,3.51,3.54,498336.74,3.54
2017-09-28 00:00:00,3.54,3.63,3.51,3.61,1120168.81,3.61
2017-09-29 00:00:00,3.58,3.62,3.55,3.56,601475.99,3.56
2017-10-09 00:00:00,3.59,3.82,3.58,3.72,2709271.36,3.72
2017-10-10 00:00:00,3.70,3.74,3.66,3.74,1564838.02,3.74
2017-10-11 00:00:00,3.74,3.75,3.67,3.69,1117259.00,3.69
2017-10-12 00:00:00,3.68,3.74,3.66,3.68,999578.37,3.68
2017-10-13 00:00:00,3.67,3.76,3.66,3.76,1805026.66,3.76
2017-10-16 00:00:00,3.78,3.94,3.74,3.88,4517194.21,3.88
2017-10-17 00:00:00,3.84,4.04,3.79,4.01,3753549.15,4.01
2017-10-18 00:00:00,4.01,4.39,4.01,4.21,6263617.92,4.21
2017-10-19 00:00:00,4.20,4.29,4.13,4.16,3622708.68,4.16
2017-10-20 00:00:00,4.13,4.20,4.07,4.09,3001227.70,4.09
2017-10-23 00:00:00,4.10,4.34,4.09,4.34,3682864.15,4.34
2017-10-24 00:00:00,4.33,4.35,4.22,4.27,2463675.76,4.27
2017-10-25 00:00:00,4.28,4.42,4.24,4.40,3541177.83,4.40
2017-10-26 00:00:00,4.40,4.62,4.35,4.42,4557581.76,4.42
2017-10-27 00:00:00,4.42,4.53,4.28,4.46,3750063.17,4.46
2017-10-30 00:00:00,4.44,4.54,4.38,4.40,3483733.66,4.40
2017-10-31 00:00:00,4.34,4.40,4.27,4.34,2358969.81,4.34
2017-11-01 00:00:00,4.35,4.36,4.19,4.21,2355521.39,4.21
2017-11-02 00:00:00,4.20,4.29,4.13,4.22,2038175.10,4.22
2017-11-03 00:00:00,4.21,4.35,4.20,4.28,2212712.96,4.28
2017-11-06 00:00:00,4.27,4.71,4.25,4.68,5468581.44,4.68
2017-11-07 00:00:00,4.71,4.95,4.68,4.80,6184988.08,4.80
2017-11-08 00:00:00,4.83,4.91,4.73,4.75,4329030.27,4.75
2017-11-09 00:00:00,4.73,5.13,4.72,5.01,4492710.73,5.01
2017-11-10 00:00:00,4.99,5.14,4.96,4.98,4508894.91,4.98
2017-11-13 00:00:00,5.00,5.08,4.92,4.96,3190841.74,4.96
2017-11-14 00:00:00,4.92,4.96,4.75,4.82,3449551.85,4.82
2017-11-15 00:00:00,4.81,4.91,4.79,4.83,2190207.08,4.83
2017-11-16 00:00:00,4.81,4.90,4.66,4.86,2597084.37,4.86
2017-11-17 00:00:00,4.84,4.96,4.65,4.68,2678826.87,4.68
2017-11-20 00:00:00,4.61,4.72,4.46,4.71,2663357.22,4.71
2017-11-21 00:00:00,4.67,4.85,4.65,4.84,3746724.22,4.84
2017-11-22 00:00:00,4.78,4.84,4.65,4.72,2897427.70,4.72
2017-11-23 00:00:00,4.61,4.63,4.26,4.31,3696484.47,4.31
2017-11-24 00:00:00,4.28,4.36,4.18,4.20,2167282.75,4.20
2017-11-27 00:00:00,4.16,4.20,4.07,4.14,1760528.76,4.14
2017-11-28 00:00:00,4.15,4.24,4.15,4.23,1376864.21,4.23
2017-11-29 00:00:00,4.23,4.24,4.12,4.20,1259605.71,4.20
2017-11-30 00:00:00,4.18,4.28,4.14,4.18,1056911.61,4.18
2017-12-01 00:00:00,4.18,4.22,4.13,4.15,898328.98,4.15
2017-12-04 00:00:00,4.15,4.27,4.13,4.20,1498602.43,4.20
2017-12-05 00:00:00,4.16,4.24,4.05,4.08,1543370.44,4.08
2017-12-06 00:00:00,4.06,4.14,4.00,4.14,1467127.44,4.14
2017-12-07 00:00:00,4.12,4.12,4.04,4.04,873029.29,4.04
2017-12-08 00:00:00,4.05,4.14,4.02,4.10,1302665.23,4.10
2017-12-11 00:00:00,4.10,4.21,4.08,4.18,1393533.81,4.18
2017-12-12 00:00:00,4.17,4.19,4.07,4.08,990576.07,4.08
2017-12-13 00:00:00,4.08,4.13,4.03,4.12,774230.32,4.12
2017-12-14 00:00:00,4.10,4.14,4.05,4.07,1119849.64,4.07
2017-12-15 00:00:00,4.07,4.08,3.94,3.96,1296126.29,3.96
2017-12-18 00:00:00,3.95,3.98,3.93,3.94,568479.75,3.94
2017-12-19 00:00:00,3.95,4.06,3.95,4.05,1015519.91,4.05
2017-12-20 00:00:00,4.04,4.06,3.97,4.00,608298.17,4.00
2017-12-21 00:00:00,4.00,4.09,3.94,4.07,1114351.99,4.07
2017-12-22 00:00:00,4.07,4.09,4.02,4.03,769441.29,4.03
2017-12-25 00:00:00,4.04,4.05,3.83,3.86,1611290.75,3.86
2017-12-26 00:00:00,3.87,3.88,3.80,3.87,873239.18,3.87
2017-12-27 00:00:00,3.87,3.90,3.83,3.84,796752.92,3.84
2017-12-28 00:00:00,3.83,3.88,3.81,3.83,759854.38,3.83
2017-12-29 00:00:00,3.84,3.91,3.83,3.90,1003821.39,3.90
2018-01-02 00:00:00,3.88,3.94,3.88,3.91,891914.47,3.91
2018-01-03 00:00:00,3.90,4.01,3.89,3.99,1460967.32,3.99
2018-01-04 00:00:00,3.98,4.03,3.95,3.96,931098.87,3.96
2018-01-05 00:00:00,3.97,3.97,3.90,3.92,895278.01,3.92
2018-01-08 00:00:00,3.92,3.93,3.84,3.88,1195519.87,3.88
2018-01-09 00:00:00,3.87,4.05,3.85,4.03,2464853.33,4.03
2018-01-10 00:00:00,4.00,4.04,3.96,3.99,1932010.49,3.99
2018-01-11 00:00:00,3.99,4.00,3.94,3.96,1004259.76,3.96
2018-01-12 00:00:00,3.96,4.07,3.96,4.00,1735418.95,4.00
2018-01-15 00:00:00,4.00,4.10,3.95,4.03,2642655.62,4.03
2018-01-16 00:00:00,4.11,4.14,4.02,4.05,2397787.68,4.05
2018-01-17 00:00:00,4.06,4.08,3.90,3.92,2727098.38,3.92
2018-01-18 00:00:00,3.92,3.93,3.87,3.89,1397728.02,3.89
2018-01-19 00:00:00,3.89,3.95,3.88,3.89,1562784.21,3.89
2018-01-22 00:00:00,3.88,3.88,3.78,3.88,1887891.76,3.88
2018-01-23 00:00:00,3.85,3.88,3.82,3.84,1464058.25,3.84
2018-01-24 00:00:00,3.83,3.84,3.76,3.81,2031444.36,3.81
2018-01-25 00:00:00,3.81,3.82,3.76,3.79,1378483.69,3.79
2018-01-26 00:00:00,3.79,3.81,3.72,3.72,1931500.04,3.72
2018-01-29 00:00:00,3.65,3.69,3.58,3.60,2238593.58,3.60
2018-01-30 00:00:00,3.60,3.64,3.60,3.62,774517.26,3.62
2018-01-31 00:00:00,3.61,3.63,3.55,3.57,943365.54,3.57
2018-02-01 00:00:00,3.57,3.58,3.40,3.40,1835455.41,3.40
2018-02-02 00:00:00,3.38,3.47,3.37,3.46,1029305.38,3.46
2018-02-05 00:00:00,3.42,3.49,3.40,3.48,694279.21,3.48
2018-02-06 00:00:00,3.43,3.47,3.35,3.35,956865.28,3.35
2018-02-07 00:00:00,3.40,3.42,3.31,3.35,766735.98,3.35
2018-02-08 00:00:00,3.35,3.48,3.33,3.47,1132396.87,3.47
2018-02-09 00:00:00,3.42,3.44,3.30,3.34,1077996.70,3.34
2018-02-12 00:00:00,3.36,3.43,3.34,3.41,629579.04,3.41
2018-02-13 00:00:00,3.43,3.47,3.39,3.41,692618.13,3.41
2018-02-14 00:00:00,3.38,3.45,3.34,3.44,700850.99,3.44
2018-02-22 00:00:00,3.43,3.49,3.42,3.47,689715.10,3.47
2018-02-23 00:00:00,3.47,3.48,3.41,3.43,833308.05,3.43
2018-02-26 00:00:00,3.46,3.68,3.45,3.67,2675777.40,3.67
2018-02-27 00:00:00,3.66,3.73,3.59,3.72,2276311.60,3.72
2018-02-28 00:00:00,3.67,3.78,3.64,3.75,1880030.63,3.75
2018-03-01 00:00:00,3.70,3.77,3.68,3.71,1220983.37,3.71
2018-03-02 00:00:00,3.67,3.71,3.59,3.64,1115955.71,3.64
2018-03-05 00:00:00,3.65,3.66,3.55,3.60,1344965.23,3.60
2018-03-06 00:00:00,3.61,3.84,3.58,3.79,2635601.53,3.79
2018-03-07 00:00:00,3.76,3.85,3.74,3.76,1529395.41,3.76
2018-03-08 00:00:00,3.76,3.88,3.74,3.82,1345847.64,3.82
2018-03-09 00:00:00,3.81,3.83,3.76,3.82,1259116.36,3.82
2018-03-12 00:00:00,3.84,3.92,3.81,3.86,1736664.44,3.86
2018-03-13 00:00:00,3.90,3.94,3.83,3.84,1671902.31,3.84
2018-03-14 00:00:00,3.80,3.88,3.76,3.80,1401423.78,3.80
2018-03-15 00:00:00,3.77,3.86,3.76,3.80,1000131.04,3.80
2018-03-16 00:00:00,3.80,3.86,3.79,3.81,1237955.64,3.81
2018-03-19 00:00:00,3.80,3.85,3.77,3.78,1103161.22,3.78
2018-03-20 00:00:00,3.75,3.78,3.70,3.75,957439.20,3.75
2018-03-21 00:00:00,3.75,3.81,3.70,3.70,1104644.00,3.70
2018-03-22 00:00:00,3.71,3.73,3.61,3.65,1341987.48,3.65
2018-03-23 00:00:00,3.50,3.52,3.33,3.49,2476084.11,3.49
2018-03-26 00:00:00,3.41,3.44,3.36,3.43,1144624.65,3.43
2018-03-27 00:00:00,3.48,3.52,3.45,3.47,1045369.92,3.47
2018-03-28 00:00:00,3.43,3.44,3.38,3.42,766614.51,3.42
2018-03-29 00:00:00,3.43,3.48,3.39,3.46,792915.36,3.46
2018-03-30 00:00:00,3.47,3.49,3.45,3.47,600697.90,3.47
2018-04-02 00:00:00,3.48,3.54,3.47,3.51,913804.25,3.51
2018-04-03 00:00:00,3.46,3.47,3.42,3.44,704920.00,3.44
2018-04-04 00:00:00,3.46,3.49,3.42,3.44,701529.00,3.44
2018-04-09 00:00:00,3.42,3.44,3.32,3.40,857630.79,3.40
2018-04-10 00:00:00,3.42,3.47,3.38,3.47,617272.66,3.47
2018-04-11 00:00:00,3.47,3.49,3.45,3.47,532376.96,3.47
2018-04-12 00:00:00,3.47,3.47,3.42,3.45,459202.91,3.45
2018-04-13 00:00:00,3.49,3.51,3.43,3.45,618921.01,3.45
2018-04-16 00:00:00,3.43,3.44,3.37,3.39,599889.01,3.39
2018-04-17 00:00:00,3.40,3.42,3.35,3.35,500222.88,3.35
2018-04-18 00:00:00,3.37,3.39,3.17,3.27,1350633.35,3.27
2018-04-19 00:00:00,3.25,3.31,3.23,3.30,541476.93,3.30
2018-04-20 00:00:00,3.30,3.30,3.21,3.22,734559.48,3.22
2018-04-23 00:00:00,3.22,3.26,3.19,3.23,681189.50,3.23
2018-04-24 00:00:00,3.22,3.30,3.21,3.28,642652.53,3.28
2018-04-25 00:00:00,3.26,3.34,3.25,3.33,686207.34,3.33
2018-04-26 00:00:00,3.31,3.32,3.24,3.28,591095.43,3.28
2018-04-27 00:00:00,3.29,3.30,3.23,3.25,528602.98,3.25
2018-05-02 00:00:00,3.26,3.28,3.25,3.26,493800.99,3.26
2018-05-03 00:00:00,3.27,3.38,3.25,3.35,832074.35,3.35
2018-05-04 00:00:00,3.34,3.34,3.30,3.31,534809.16,3.31
2018-05-07 00:00:00,3.33,3.36,3.31,3.35,520453.67,3.35
2018-05-08 00:00:00,3.35,3.39,3.34,3.38,591271.95,3.38
2018-05-09 00:00:00,3.36,3.38,3.31,3.34,620589.66,3.34
2018-05-10 00:00:00,3.35,3.36,3.31,3.33,555585.09,3.33
2018-05-11 00:00:00,3.34,3.35,3.29,3.30,506505.59,3.30
2018-05-14 00:00:00,3.30,3.33,3.29,3.31,634215.55,3.31
2018-05-15 00:00:00,3.31,3.32,3.28,3.30,479810.24,3.30
2018-05-16 00:00:00,3.30,3.31,3.27,3.27,448150.04,3.27
2018-05-17 00:00:00,3.28,3.28,3.22,3.23,547064.93,3.23
2018-05-18 00:00:00,3.22,3.26,3.22,3.25,376394.73,3.25
2018-05-21 00:00:00,3.29,3.32,3.27,3.29,834762.64,3.29
2018-05-22 00:00:00,3.29,3.29,3.26,3.28,444708.24,3.28
2018-05-23 00:00:00,3.31,3.32,3.26,3.26,684113.07,3.26
2018-05-24 00:00:00,3.25,3.27,3.22,3.24,569163.16,3.24
2018-05-25 00:00:00,3.24,3.25,3.22,3.22,482726.44,3.22
2018-05-28 00:00:00,3.23,3.23,3.19,3.20,412001.47,3.20
2018-05-29 00:00:00,3.20,3.23,3.20,3.22,384313.69,3.22
2018-05-30 00:00:00,3.18,3.19,3.13,3.14,681338.74,3.14
2018-05-31 00:00:00,3.07,3.14,3.04,3.11,828693.45,3.11
2018-06-01 00:00:00,3.09,3.11,3.07,3.10,493335.46,3.10
2018-06-04 00:00:00,3.12,3.15,3.11,3.13,529338.62,3.13
2018-06-05 00:00:00,3.13,3.21,3.12,3.20,872011.08,3.20
2018-06-06 00:00:00,3.18,3.19,3.15,3.18,514286.32,3.18
2018-06-07 00:00:00,3.18,3.20,3.17,3.18,478145.46,3.18
2018-06-08 00:00:00,3.18,3.18,3.12,3.13,526803.48,3.13
2018-06-11 00:00:00,3.11,3.17,3.10,3.12,448053.47,3.12
2018-06-12 00:00:00,3.13,3.15,3.09,3.14,425349.35,3.14
2018-06-13 00:00:00,3.14,3.17,3.12,3.13,417832.28,3.13
2018-06-14 00:00:00,3.12,3.15,3.06,3.08,542676.24,3.08
2018-06-15 00:00:00,3.08,3.09,3.03,3.05,489589.15,3.05
2018-06-19 00:00:00,3.01,3.02,2.77,2.90,1494834.92,2.90
2018-06-20 00:00:00,2.88,2.92,2.84,2.89,581274.37,2.89
2018-06-21 00:00:00,2.89,2.89,2.76,2.77,777041.27,2.77
2018-06-22 00:00:00,2.73,2.80,2.65,2.80,1072849.56,2.80
2018-06-25 00:00:00,2.80,2.82,2.77,2.77,608324.00,2.77
2018-06-26 00:00:00,2.75,2.84,2.72,2.84,721858.97,2.84
2018-06-27 00:00:00,2.83,2.84,2.78,2.82,554758.84,2.82
2018-06-28 00:00:00,2.81,2.85,2.79,2.82,435672.75,2.82
2018-06-29 00:00:00,2.81,2.90,2.81,2.90,540497.89,2.90
2018-07-02 00:00:00,2.88,2.89,2.79,2.82,529510.19,2.82
2018-07-03 00:00:00,2.82,2.84,2.76,2.83,478833.35,2.83
2018-07-04 00:00:00,2.82,2.82,2.77,2.78,352675.09,2.78
2018-07-05 00:00:00,2.78,2.80,2.66,2.69,636727.46,2.69
2018-07-06 00:00:00,2.69,2.75,2.64,2.74,549056.90,2.74
2018-07-09 00:00:00,2.72,2.80,2.72,2.78,435771.58,2.78
2018-07-10 00:00:00,2.79,2.80,2.76,2.78,328582.51,2.78
2018-07-11 00:00:00,2.75,2.75,2.69,2.70,384858.63,2.70
2018-07-12 00:00:00,2.71,2.88,2.71,2.85,1123462.99,2.85
2018-07-13 00:00:00,2.89,2.91,2.84,2.87,734757.60,2.87
2018-07-16 00:00:00,2.87,2.90,2.84,2.87,447765.48,2.87
2018-07-17 00:00:00,2.88,2.88,2.80,2.83,525104.98,2.83
2018-07-18 00:00:00,2.84,2.86,2.81,2.82,409166.14,2.82
2018-07-19 00:00:00,2.82,2.84,2.77,2.78,366461.08,2.78
2018-07-20 00:00:00,2.78,2.94,2.75,2.90,1102354.01,2.90
2018-07-23 00:00:00,2.88,3.00,2.87,2.99,1325789.64,2.99
2018-07-24 00:00:00,2.98,3.15,2.95,3.09,1514212.47,3.09
2018-07-25 00:00:00,3.09,3.10,3.04,3.06,772513.07,3.06
2018-07-26 00:00:00,3.07,3.08,3.02,3.05,795442.74,3.05
2018-07-27 00:00:00,3.04,3.05,2.99,3.00,495846.36,3.00
2018-07-30 00:00:00,3.00,3.03,2.98,3.01,586463.11,3.01
2018-07-31 00:00:00,3.01,3.02,2.98,3.00,567584.60,3.00
2018-08-01 00:00:00,3.00,3.01,2.90,2.90,914269.06,2.90
2018-08-02 00:00:00,2.89,2.90,2.76,2.81,710487.54,2.81
2018-08-03 00:00:00,2.82,2.84,2.76,2.77,433286.83,2.77
2018-08-06 00:00:00,2.78,2.80,2.73,2.75,544607.42,2.75
2018-08-07 00:00:00,2.76,2.85,2.75,2.84,816295.51,2.84
2018-08-08 00:00:00,2.83,2.84,2.78,2.79,565240.00,2.79
2018-08-09 00:00:00,2.78,2.90,2.77,2.86,962081.36,2.86
2018-08-10 00:00:00,2.84,2.86,2.81,2.84,611341.11,2.84
2018-08-13 00:00:00,2.80,2.83,2.77,2.83,585518.98,2.83
2018-08-14 00:00:00,2.82,2.89,2.81,2.88,908734.89,2.88
2018-08-15 00:00:00,2.87,2.90,2.81,2.82,609154.53,2.82
2018-08-16 00:00:00,2.78,2.85,2.75,2.80,515825.90,2.80
2018-08-17 00:00:00,2.83,2.85,2.76,2.78,423485.74,2.78
2018-08-20 00:00:00,2.78,2.82,2.76,2.81,389866.95,2.81
2018-08-21 00:00:00,2.79,2.85,2.79,2.83,500182.14,2.83
2018-08-22 00:00:00,2.82,2.83,2.78,2.79,390095.27,2.79
2018-08-23 00:00:00,2.79,2.82,2.76,2.80,499290.17,2.80
2018-08-24 00:00:00,2.79,2.82,2.78,2.80,378337.47,2.80
2018-08-27 00:00:00,2.81,2.90,2.80,2.88,1177323.59,2.88
2018-08-28 00:00:00,2.87,2.94,2.86,2.94,938916.61,2.94
2018-08-29 00:00:00,2.92,2.92,2.87,2.89,652585.12,2.89
2018-08-30 00:00:00,2.89,2.90,2.84,2.85,499254.22,2.85
2018-08-31 00:00:00,2.86,2.90,2.83,2.85,810675.07,2.85
2018-09-03 00:00:00,2.84,2.84,2.77,2.80,731487.25,2.80
2018-09-04 00:00:00,2.80,2.83,2.78,2.82,449089.59,2.82
2018-09-05 00:00:00,2.81,2.82,2.77,2.77,486605.16,2.77
2018-09-06 00:00:00,2.77,2.79,2.76,2.77,340163.99,2.77
2018-09-07 00:00:00,2.78,2.81,2.76,2.77,323402.31,2.77
2018-09-10 00:00:00,2.78,2.78,2.72,2.73,453424.00,2.73
2018-09-11 00:00:00,2.73,2.75,2.70,2.71,502448.17,2.71
2018-09-12 00:00:00,2.70,2.73,2.69,2.71,332242.50,2.71
2018-09-13 00:00:00,2.74,2.74,2.71,2.73,294406.97,2.73
2018-09-14 00:00:00,2.74,2.74,2.71,2.73,275727.51,2.73
2018-09-17 00:00:00,2.72,2.72,2.66,2.68,451571.44,2.68
2018-09-18 00:00:00,2.66,2.74,2.66,2.73,437010.21,2.73
2018-09-19 00:00:00,2.73,2.77,2.71,2.75,445718.24,2.75
2018-09-20 00:00:00,2.75,2.78,2.75,2.75,387705.69,2.75
2018-09-21 00:00:00,2.75,2.85,2.75,2.83,922336.35,2.83
2018-09-25 00:00:00,2.82,2.84,2.80,2.82,539751.09,2.82
2018-09-26 00:00:00,2.82,2.85,2.81,2.82,526541.57,2.82
2018-09-27 00:00:00,2.82,2.83,2.77,2.77,418362.11,2.77
2018-09-28 00:00:00,2.78,2.82,2.77,2.81,433112.67,2.81
2018-10-08 00:00:00,2.78,2.79,2.74,2.74,567770.08,2.74
2018-10-09 00:00:00,2.75,2.76,2.70,2.72,428088.74,2.72
2018-10-10 00:00:00,2.73,2.75,2.70,2.72,277877.67,2.72
2018-10-11 00:00:00,2.66,2.67,2.48,2.51,980156.30,2.51
2018-10-12 00:00:00,2.49,2.52,2.35,2.48,816784.54,2.48
2018-10-15 00:00:00,2.50,2.52,2.42,2.43,467179.76,2.43
2018-10-16 00:00:00,2.44,2.46,2.38,2.39,479987.87,2.39
2018-10-17 00:00:00,2.42,2.44,2.36,2.42,496857.14,2.42
2018-10-18 00:00:00,2.40,2.41,2.32,2.32,603646.50,2.32
2018-10-19 00:00:00,2.29,2.39,2.27,2.39,709420.70,2.39
2018-10-22 00:00:00,2.41,2.54,2.40,2.51,898098.56,2.51
2018-10-23 00:00:00,2.51,2.53,2.45,2.46,590242.08,2.46
2018-10-24 00:00:00,2.45,2.50,2.44,2.46,421260.93,2.46
2018-10-25 00:00:00,2.40,2.44,2.37,2.44,528299.12,2.44
2018-10-26 00:00:00,2.45,2.47,2.43,2.44,569587.80,2.44
2018-10-29 00:00:00,2.44,2.44,2.39,2.41,387330.85,2.41
2018-10-30 00:00:00,2.40,2.47,2.39,2.45,479186.09,2.45
2018-10-31 00:00:00,2.45,2.48,2.44,2.47,540541.12,2.47
2018-11-01 00:00:00,2.48,2.52,2.46,2.47,715320.43,2.47
2018-11-02 00:00:00,2.51,2.54,2.49,2.53,796113.33,2.53
2018-11-05 00:00:00,2.53,2.55,2.50,2.52,532900.61,2.52
2018-11-06 00:00:00,2.51,2.52,2.48,2.52,337659.88,2.52
2018-11-07 00:00:00,2.51,2.53,2.49,2.51,536192.66,2.51
2018-11-08 00:00:00,2.53,2.53,2.49,2.50,353798.01,2.50
2018-11-09 00:00:00,2.49,2.50,2.47,2.47,268495.58,2.47
2018-11-12 00:00:00,2.46,2.53,2.45,2.52,502244.27,2.52
2018-11-13 00:00:00,2.49,2.62,2.48,2.60,1147885.55,2.60
2018-11-14 00:00:00,2.59,2.61,2.56,2.57,684891.17,2.57
2018-11-15 00:00:00,2.57,2.60,2.56,2.60,545812.51,2.60
2018-11-16 00:00:00,2.59,2.63,2.57,2.61,811245.46,2.61
2018-11-19 00:00:00,2.61,2.62,2.58,2.60,632978.70,2.60
2018-11-20 00:00:00,2.58,2.61,2.55,2.56,669796.49,2.56
2018-11-21 00:00:00,2.54,2.56,2.52,2.55,464409.45,2.55
2018-11-22 00:00:00,2.60,2.61,2.55,2.57,504033.22,2.57
2018-11-23 00:00:00,2.56,2.57,2.44,2.45,827213.20,2.45
2018-11-26 00:00:00,2.44,2.48,2.44,2.45,373407.48,2.45
2018-11-27 00:00:00,2.46,2.47,2.43,2.45,370830.35,2.45
2018-11-28 00:00:00,2.45,2.55,2.44,2.52,802177.29,2.52
2018-11-29 00:00:00,2.51,2.52,2.45,2.45,605392.81,2.45
2018-11-30 00:00:00,2.45,2.47,2.42,2.47,397624.69,2.47
2018-12-03 00:00:00,2.53,2.56,2.51,2.54,732574.48,2.54
2018-12-04 00:00:00,2.53,2.55,2.52,2.54,440381.29,2.54
2018-12-05 00:00:00,2.51,2.54,2.50,2.53,385862.61,2.53
2018-12-06 00:00:00,2.51,2.52,2.48,2.49,475421.93,2.49
2018-12-07 00:00:00,2.49,2.56,2.49,2.56,678433.18,2.56
2018-12-10 00:00:00,2.54,2.54,2.40,2.41,1436045.13,2.41
2018-12-11 00:00:00,2.41,2.43,2.39,2.42,420155.03,2.42
2018-12-12 00:00:00,2.42,2.43,2.39,2.43,465705.21,2.43
2018-12-13 00:00:00,2.42,2.46,2.40,2.44,553679.53,2.44
2018-12-14 00:00:00,2.43,2.45,2.39,2.45,613706.25,2.45
2018-12-17 00:00:00,2.43,2.45,2.40,2.45,447896.26,2.45
2018-12-18 00:00:00,2.43,2.45,2.42,2.43,403254.01,2.43
2018-12-19 00:00:00,2.44,2.44,2.41,2.42,254367.47,2.42
2018-12-20 00:00:00,2.41,2.43,2.40,2.41,302705.78,2.41
2018-12-21 00:00:00,2.40,2.41,2.38,2.40,310007.66,2.40
2018-12-24 00:00:00,2.38,2.42,2.37,2.40,288111.94,2.40
2018-12-25 00:00:00,2.38,2.42,2.33,2.41,532588.46,2.41
2018-12-26 00:00:00,2.40,2.42,2.38,2.40,326772.92,2.40
2018-12-27 00:00:00,2.42,2.43,2.40,2.42,442437.60,2.42
2018-12-28 00:00:00,2.41,2.45,2.40,2.45,463401.84,2.45
2019-01-02 00:00:00,2.46,2.53,2.45,2.51,890514.27,2.51
2019-01-03 00:00:00,2.51,2.53,2.49,2.53,499239.33,2.53
2019-01-04 00:00:00,2.51,2.58,2.51,2.57,793395.79,2.57
2019-01-07 00:00:00,2.70,2.73,2.65,2.66,1549416.88,2.66
2019-01-08 00:00:00,2.66,2.93,2.66,2.84,3402281.17,2.84
2019-01-09 00:00:00,2.82,2.90,2.79,2.82,2209193.49,2.82
2019-01-10 00:00:00,2.78,2.79,2.68,2.69,1858448.58,2.69
2019-01-11 00:00:00,2.78,2.81,2.70,2.74,1419824.23,2.74
2019-01-14 00:00:00,2.74,2.74,2.69,2.70,778856.28,2.70
2019-01-15 00:00:00,2.71,2.74,2.70,2.73,798036.25,2.73
2019-01-16 00:00:00,2.72,2.73,2.67,2.68,759596.57,2.68
2019-01-17 00:00:00,2.69,2.70,2.66,2.67,495505.00,2.67
2019-01-18 00:00:00,2.66,2.69,2.65,2.67,560642.35,2.67
2019-01-21 00:00:00,2.67,2.75,2.66,2.73,1233464.22,2.73
2019-01-22 00:00:00,2.74,2.75,2.70,2.71,378211.55,2.71
2019-01-23 00:00:00,2.72,2.75,2.71,2.72,418191.01,2.72
2019-01-24 00:00:00,2.71,2.74,2.68,2.72,626905.24,2.72
2019-01-25 00:00:00,2.71,2.74,2.69,2.72,509310.98,2.72
2019-01-28 00:00:00,2.72,2.74,2.72,2.74,470667.82,2.74
2019-01-29 00:00:00,2.74,2.75,2.68,2.72,641336.01,2.72
2019-01-30 00:00:00,2.72,2.77,2.70,2.76,817450.39,2.76
2019-01-31 00:00:00,2.76,2.80,2.75,2.75,676244.13,2.75
2019-02-01 00:00:00,2.76,2.84,2.75,2.84,834286.07,2.84
2019-02-11 00:00:00,2.84,2.91,2.83,2.87,1124577.39,2.87
2019-02-12 00:00:00,2.87,3.06,2.86,3.03,2355214.31,3.03
2019-02-13 00:00:00,3.08,3.33,3.01,3.33,4930075.68,3.33
2019-02-14 00:00:00,3.47,3.52,3.18,3.24,5705952.19,3.24
2019-02-15 00:00:00,3.18,3.29,3.16,3.22,2711294.75,3.22
2019-02-18 00:00:00,3.24,3.36,3.18,3.31,3417568.34,3.31
2019-02-19 00:00:00,3.28,3.29,3.19,3.24,2941640.85,3.24
2019-02-20 00:00:00,3.23,3.27,3.19,3.25,2413377.15,3.25
2019-02-21 00:00:00,3.22,3.23,3.14,3.17,2928883.53,3.17
2019-02-22 00:00:00,3.14,3.20,3.13,3.19,1983166.96,3.19
2019-02-25 00:00:00,3.31,3.46,3.25,3.45,5591248.47,3.45
2019-02-26 00:00:00,3.50,3.63,3.36,3.42,5488076.05,3.42
2019-02-27 00:00:00,3.37,3.42,3.20,3.25,4296479.03,3.25
2019-02-28 00:00:00,3.25,3.29,3.20,3.23,1713761.29,3.23
2019-03-01 00:00:00,3.24,3.29,3.20,3.29,1934409.26,3.29
2019-03-04 00:00:00,3.48,3.54,3.42,3.45,5397386.57,3.45
2019-03-05 00:00:00,3.47,3.80,3.42,3.80,6768338.94,3.80
2019-03-06 00:00:00,4.00,4.13,3.88,4.02,10283432.26,4.02
2019-03-07 00:00:00,3.94,3.95,3.85,3.91,5592571.47,3.91
2019-03-08 00:00:00,3.80,3.86,3.63,3.63,4701586.11,3.63
2019-03-11 00:00:00,3.61,3.94,3.61,3.90,4435741.05,3.90
2019-03-12 00:00:00,3.92,3.93,3.80,3.85,3590881.52,3.85
2019-03-13 00:00:00,3.85,3.87,3.68,3.70,2840417.48,3.70
2019-03-14 00:00:00,3.67,3.83,3.61,3.75,3104282.67,3.75
2019-03-15 00:00:00,3.75,3.81,3.71,3.75,1838296.05,3.75
2019-03-18 00:00:00,3.73,3.76,3.66,3.76,1874754.44,3.76
2019-03-19 00:00:00,3.79,3.89,3.77,3.83,2650771.18,3.83
2019-03-20 00:00:00,3.94,3.98,3.73,3.82,3235312.48,3.82
2019-03-21 00:00:00,3.83,3.89,3.75,3.81,2716611.66,3.81
2019-03-22 00:00:00,3.90,4.11,3.83,4.04,6769466.68,4.04
2019-03-25 00:00:00,4.30,4.44,4.15,4.44,13554607.72,4.44
2019-03-26 00:00:00,4.44,4.44,4.06,4.10,9671882.71,4.10
2019-03-27 00:00:00,4.10,4.21,3.90,4.15,6033671.28,4.15
2019-03-28 00:00:00,4.07,4.13,4.00,4.02,3885422.69,4.02
2019-03-29 00:00:00,3.99,4.08,3.93,4.06,3573684.74,4.06
2019-04-01 00:00:00,4.08,4.18,4.08,4.16,4153897.01,4.16
2019-04-02 00:00:00,4.18,4.18,4.07,4.10,3738488.13,4.10
2019-04-03 00:00:00,4.10,4.13,4.06,4.11,2395579.94,4.11
2019-04-04 00:00:00,4.10,4.10,4.06,4.08,2590843.32,4.08
2019-04-08 00:00:00,4.09,4.11,3.96,4.00,3074854.62,4.00
2019-04-09 00:00:00,4.00,4.09,3.97,4.05,2312295.46,4.05
2019-04-10 00:00:00,4.01,4.05,3.98,4.02,1783219.67,4.02
2019-04-11 00:00:00,4.02,4.03,3.90,3.91,2275931.12,3.91
2019-04-12 00:00:00,3.91,3.93,3.82,3.84,1905494.90,3.84
2019-04-15 00:00:00,3.90,3.94,3.82,3.83,1640061.77,3.83
2019-04-16 00:00:00,3.82,3.96,3.76,3.94,2237124.44,3.94
2019-04-17 00:00:00,3.95,4.01,3.92,3.96,1767602.06,3.96
2019-04-18 00:00:00,3.89,3.90,3.81,3.82,1774414.29,3.82
2019-04-19 00:00:00,3.82,3.84,3.76,3.82,1770469.78,3.82
2019-04-22 00:00:00,3.84,3.85,3.76,3.77,1619130.58,3.77
2019-04-23 00:00:00,3.78,3.78,3.67,3.71,1526391.73,3.71
2019-04-24 00:00:00,3.72,3.87,3.66,3.83,2627447.18,3.83
2019-04-25 00:00:00,3.79,3.83,3.65,3.66,1784546.56,3.66
2019-04-26 00:00:00,3.65,3.67,3.60,3.60,1399355.64,3.60
2019-04-29 00:00:00,3.60,3.63,3.42,3.50,2130345.36,3.50
2019-04-30 00:00:00,3.55,3.63,3.55,3.59,1324442.64,3.59
2019-05-06 00:00:00,3.48,3.54,3.35,3.37,2266031.50,3.37
2019-05-07 00:00:00,3.42,3.48,3.39,3.43,1309531.70,3.43
2019-05-08 00:00:00,3.37,3.58,3.35,3.51,2053204.67,3.51
2019-05-09 00:00:00,3.46,3.54,3.45,3.48,1318744.36,3.48
2019-05-10 00:00:00,3.52,3.57,3.36,3.55,1743914.39,3.55
2019-05-13 00:00:00,3.51,3.57,3.47,3.52,1113986.67,3.52
2019-05-14 00:00:00,3.48,3.53,3.46,3.49,1081151.17,3.49
2019-05-15 00:00:00,3.52,3.56,3.51,3.54,1076426.23,3.54
2019-05-16 00:00:00,3.53,3.56,3.51,3.53,906259.44,3.53
2019-05-17 00:00:00,3.53,3.54,3.39,3.41,1643276.20,3.41
2019-05-20 00:00:00,3.42,3.47,3.36,3.41,1251768.18,3.41
2019-05-21 00:00:00,3.41,3.45,3.37,3.42,1224810.02,3.42
2019-05-22 00:00:00,3.42,3.44,3.36,3.37,1015806.11,3.37
2019-05-23 00:00:00,3.35,3.36,3.26,3.28,1404720.65,3.28
2019-05-24 00:00:00,3.26,3.32,3.26,3.27,686206.47,3.27
2019-05-27 00:00:00,3.27,3.40,3.26,3.39,1587466.03,3.39
2019-05-28 00:00:00,3.37,3.37,3.32,3.34,1423431.80,3.34
2019-05-29 00:00:00,3.33,3.34,3.31,3.32,593186.36,3.32
2019-05-30 00:00:00,3.31,3.36,3.27,3.34,1103922.37,3.34
2019-05-31 00:00:00,3.33,3.36,3.29,3.31,784922.79,3.31
2019-06-03 00:00:00,3.31,3.34,3.28,3.29,695232.17,3.29
2019-06-04 00:00:00,3.28,3.29,3.21,3.22,1045091.85,3.22
2019-06-05 00:00:00,3.25,3.26,3.17,3.20,1133378.87,3.20
2019-06-06 00:00:00,3.20,3.20,3.11,3.13,1147539.26,3.13
2019-06-10 00:00:00,3.16,3.20,3.14,3.19,994553.87,3.19
2019-06-11 00:00:00,3.20,3.37,3.17,3.33,1749294.34,3.33
2019-06-12 00:00:00,3.31,3.33,3.24,3.27,1017664.42,3.27
2019-06-13 00:00:00,3.26,3.30,3.25,3.27,709117.62,3.27
2019-06-14 00:00:00,3.27,3.29,3.19,3.20,1109837.83,3.20
2019-06-17 00:00:00,3.20,3.20,3.16,3.19,514440.08,3.19
2019-06-18 00:00:00,3.19,3.20,3.17,3.18,444339.71,3.18
2019-06-19 00:00:00,3.27,3.30,3.21,3.22,894689.31,3.22
2019-06-20 00:00:00,3.21,3.30,3.20,3.27,1148170.33,3.27
2019-06-21 00:00:00,3.32,3.32,3.27,3.29,1688183.75,3.29
2019-06-24 00:00:00,3.29,3.30,3.26,3.28,768591.79,3.28
2019-06-25 00:00:00,3.28,3.28,3.19,3.25,1154646.64,3.25
2019-06-26 00:00:00,3.23,3.27,3.22,3.26,514194.19,3.26
2019-06-27 00:00:00,3.27,3.31,3.26,3.29,868637.15,3.29
2019-06-28 00:00:00,3.28,3.39,3.27,3.33,1550555.83,3.33
2019-07-01 00:00:00,3.43,3.60,3.38,3.60,4163641.87,3.60
2019-07-02 00:00:00,3.59,3.59,3.44,3.47,2846049.49,3.47
2019-07-03 00:00:00,3.45,3.45,3.37,3.39,1487205.66,3.39
2019-07-04 00:00:00,3.36,3.39,3.32,3.34,1271027.71,3.34
2019-07-05 00:00:00,3.34,3.37,3.33,3.36,639155.93,3.36
2019-07-08 00:00:00,3.35,3.35,3.23,3.24,1057090.17,3.24
2019-07-09 00:00:00,3.24,3.27,3.22,3.25,543391.62,3.25
2019-07-10 00:00:00,3.26,3.31,3.22,3.28,944268.83,3.28
2019-07-11 00:00:00,3.28,3.32,3.25,3.26,592258.89,3.26
2019-07-12 00:00:00,3.26,3.37,3.25,3.33,1237748.18,3.33
2019-07-15 00:00:00,3.35,3.38,3.29,3.37,1290738.00,3.37
2019-07-16 00:00:00,3.36,3.47,3.34,3.42,2021440.29,3.42
2019-07-17 00:00:00,3.40,3.59,3.38,3.47,3407913.72,3.47
2019-07-18 00:00:00,3.43,3.45,3.37,3.38,2224637.65,3.38
2019-07-19 00:00:00,3.38,3.43,3.37,3.37,1143619.95,3.37
2019-07-22 00:00:00,3.38,3.40,3.27,3.32,1212106.72,3.32
2019-07-23 00:00:00,3.33,3.38,3.31,3.34,722395.17,3.34
2019-07-24 00:00:00,3.36,3.41,3.36,3.39,1005308.56,3.39
2019-07-25 00:00:00,3.40,3.54,3.39,3.49,2616772.37,3.49
2019-07-26 00:00:00,3.47,3.51,3.43,3.47,1480372.15,3.47
2019-07-29 00:00:00,3.47,3.53,3.45,3.51,1682350.85,3.51
2019-07-30 00:00:00,3.50,3.54,3.46,3.47,1529393.17,3.47
2019-07-31 00:00:00,3.47,3.47,3.40,3.40,1378738.73,3.40
2019-08-01 00:00:00,3.39,3.44,3.37,3.43,937177.74,3.43
2019-08-02 00:00:00,3.33,3.37,3.31,3.34,1605262.06,3.34
2019-08-05 00:00:00,3.32,3.36,3.25,3.25,1449615.80,3.25
2019-08-06 00:00:00,3.17,3.18,3.03,3.14,1775509.05,3.14
2019-08-07 00:00:00,3.17,3.18,3.12,3.13,774128.98,3.13
2019-08-08 00:00:00,3.14,3.17,3.13,3.17,805592.87,3.17
2019-08-09 00:00:00,3.18,3.20,3.11,3.13,815935.31,3.13
2019-08-12 00:00:00,3.12,3.20,3.12,3.20,802079.63,3.20
2019-08-13 00:00:00,3.18,3.30,3.16,3.23,2086045.96,3.23
2019-08-14 00:00:00,3.30,3.48,3.28,3.38,3620376.55,3.38
2019-08-15 00:00:00,3.31,3.44,3.27,3.44,2504441.10,3.44
2019-08-16 00:00:00,3.41,3.45,3.39,3.41,1934119.57,3.41
2019-08-19 00:00:00,3.45,3.49,3.41,3.49,3162238.40,3.49
2019-08-20 00:00:00,3.50,3.50,3.41,3.42,2226925.72,3.42
2019-08-21 00:00:00,3.40,3.41,3.36,3.38,1717230.64,3.38
2019-08-22 00:00:00,3.41,3.45,3.38,3.40,2000315.58,3.40
2019-08-23 00:00:00,3.39,3.40,3.32,3.35,1825527.16,3.35
2019-08-26 00:00:00,3.26,3.29,3.24,3.27,1542867.81,3.27
2019-08-27 00:00:00,3.29,3.35,3.28,3.32,2031763.60,3.32
2019-08-28 00:00:00,3.32,3.33,3.25,3.27,1179443.39,3.27
2019-08-29 00:00:00,3.26,3.29,3.24,3.25,1090745.79,3.25
2019-08-30 00:00:00,3.27,3.28,3.19,3.22,1441683.06,3.22
2019-09-02 00:00:00,3.21,3.29,3.20,3.27,1529423.41,3.27
2019-09-03 00:00:00,3.27,3.30,3.26,3.28,1100474.94,3.28
2019-09-04 00:00:00,3.28,3.32,3.27,3.32,1284468.22,3.32
2019-09-05 00:00:00,3.32,3.43,3.32,3.41,3083668.42,3.41
2019-09-06 00:00:00,3.42,3.44,3.38,3.42,1662636.58,3.42
2019-09-09 00:00:00,3.45,3.58,3.42,3.55,4156042.75,3.55
2019-09-10 00:00:00,3.56,3.62,3.51,3.58,3586145.35,3.58
2019-09-11 00:00:00,3.62,3.94,3.59,3.76,8265460.24,3.76
2019-09-12 00:00:00,3.76,3.76,3.66,3.72,3795362.22,3.72
2019-09-16 00:00:00,3.72,3.76,3.66,3.69,2800751.62,3.69
2019-09-17 00:00:00,3.70,3.81,3.64,3.70,3281672.44,3.70
2019-09-18 00:00:00,3.72,3.72,3.61,3.66,2183159.44,3.66
2019-09-19 00:00:00,3.69,3.87,3.65,3.81,4115357.45,3.81
2019-09-20 00:00:00,3.80,3.84,3.75,3.78,2654091.58,3.78
2019-09-23 00:00:00,3.78,3.90,3.73,3.81,3112148.85,3.81
2019-09-24 00:00:00,3.82,3.89,3.78,3.82,3431616.98,3.82
2019-09-25 00:00:00,3.78,3.80,3.63,3.64,3404025.63,3.64
2019-09-26 00:00:00,3.65,3.68,3.60,3.61,2086931.54,3.61
2019-09-27 00:00:00,3.61,3.68,3.60,3.65,1484180.41,3.65
2019-09-30 00:00:00,3.55,3.61,3.50,3.56,1787653.82,3.56
2019-10-08 00:00:00,3.56,3.61,3.51,3.52,1293423.34,3.52
2019-10-09 00:00:00,3.50,3.51,3.45,3.50,1154780.36,3.50
2019-10-10 00:00:00,3.50,3.55,3.46,3.54,1441855.68,3.54
2019-10-11 00:00:00,3.53,3.56,3.48,3.53,1100227.97,3.53
2019-10-14 00:00:00,3.57,3.62,3.55,3.58,1350876.13,3.58
2019-10-15 00:00:00,3.57,3.57,3.48,3.50,1243861.92,3.50
2019-10-16 00:00:00,3.52,3.55,3.49,3.50,962625.39,3.50
2019-10-17 00:00:00,3.50,3.53,3.48,3.50,684255.21,3.50
2019-10-18 00:00:00,3.51,3.52,3.40,3.40,1214038.82,3.40
2019-10-21 00:00:00,3.40,3.40,3.32,3.35,1278759.66,3.35
2019-10-22 00:00:00,3.36,3.40,3.33,3.36,1084541.10,3.36
2019-10-23 00:00:00,3.35,3.39,3.32,3.36,1106842.27,3.36
2019-10-24 00:00:00,3.34,3.41,3.34,3.38,762785.02,3.38
2019-10-25 00:00:00,3.36,3.39,3.34,3.38,839964.83,3.38
2019-10-28 00:00:00,3.39,3.44,3.38,3.44,1091653.65,3.44
2019-10-29 00:00:00,3.43,3.43,3.35,3.35,961632.64,3.35
2019-10-30 00:00:00,3.34,3.35,3.30,3.33,681699.61,3.33
2019-10-31 00:00:00,3.32,3.34,3.29,3.29,744600.07,3.29
2019-11-01 00:00:00,3.27,3.42,3.26,3.39,1509448.02,3.39
2019-11-04 00:00:00,3.40,3.46,3.37,3.45,1527457.36,3.45
2019-11-05 00:00:00,3.45,3.48,3.42,3.45,1273276.45,3.45
2019-11-06 00:00:00,3.44,3.56,3.44,3.49,2014677.12,3.49
2019-11-07 00:00:00,3.49,3.66,3.47,3.62,3027025.82,3.62
2019-11-08 00:00:00,3.62,3.67,3.54,3.60,2603003.05,3.60
2019-11-11 00:00:00,3.58,3.60,3.49,3.49,1793118.24,3.49
2019-11-12 00:00:00,3.50,3.57,3.48,3.51,1862613.06,3.51
2019-11-13 00:00:00,3.49,3.51,3.40,3.41,1707779.93,3.41
2019-11-14 00:00:00,3.42,3.57,3.39,3.54,2756202.79,3.54
2019-11-15 00:00:00,3.51,3.57,3.48,3.48,1508756.13,3.48
2019-11-18 00:00:00,3.52,3.56,3.48,3.52,1971075.93,3.52
2019-11-19 00:00:00,3.50,3.51,3.44,3.51,1747950.36,3.51
2019-11-20 00:00:00,3.50,3.51,3.45,3.48,1475802.16,3.48
2019-11-21 00:00:00,3.46,3.54,3.44,3.48,1319635.63,3.48
2019-11-22 00:00:00,3.48,3.54,3.46,3.48,1802755.40,3.48
2019-11-25 00:00:00,3.48,3.60,3.46,3.59,2950511.51,3.59
2019-11-26 00:00:00,3.60,3.81,3.60,3.74,4157156.83,3.74
2019-11-27 00:00:00,3.72,3.77,3.69,3.72,1853216.32,3.72
2019-11-28 00:00:00,3.75,3.78,3.72,3.74,1593015.04,3.74
2019-11-29 00:00:00,3.74,3.88,3.74,3.84,3463411.58,3.84
2019-12-02 00:00:00,3.90,3.91,3.76,3.78,2649192.34,3.78
2019-12-03 00:00:00,3.76,3.85,3.71,3.84,2243197.65,3.84
2019-12-04 00:00:00,3.82,3.97,3.80,3.94,3259612.54,3.94
2019-12-05 00:00:00,3.94,3.98,3.89,3.95,2262432.17,3.95
2019-12-06 00:00:00,3.95,4.01,3.91,3.96,1669535.96,3.96
2019-12-09 00:00:00,4.00,4.12,3.98,4.09,3064343.23,4.09
2019-12-10 00:00:00,4.06,4.13,4.03,4.13,2233185.04,4.13
2019-12-11 00:00:00,4.11,4.12,3.89,3.90,4497105.51,3.90
2019-12-12 00:00:00,3.94,3.99,3.89,3.91,2491009.18,3.91
2019-12-13 00:00:00,3.95,3.98,3.89,3.94,2909791.14,3.94
2019-12-16 00:00:00,4.02,4.33,4.02,4.33,9379669.89,4.33
2019-12-17 00:00:00,4.33,4.60,4.29,4.45,9242783.62,4.45
2019-12-18 00:00:00,4.44,4.48,4.36,4.44,4645407.67,4.44
2019-12-19 00:00:00,4.43,4.52,4.38,4.43,3756806.96,4.43
2019-12-20 00:00:00,4.42,4.49,4.34,4.35,3378821.20,4.35
2019-12-23 00:00:00,4.43,4.62,4.35,4.39,5021252.02,4.39
2019-12-24 00:00:00,4.37,4.48,4.28,4.47,3518832.09,4.47
2019-12-25 00:00:00,4.43,4.51,4.40,4.48,2856357.39,4.48
2019-12-26 00:00:00,4.56,4.80,4.52,4.69,4907578.20,4.69
2019-12-27 00:00:00,4.67,4.70,4.51,4.52,3595828.00,4.52
2019-12-30 00:00:00,4.49,4.49,4.33,4.46,2864220.85,4.46
2019-12-31 00:00:00,4.44,4.50,4.39,4.47,2147198.98,4.47
2020-01-02 00:00:00,4.51,4.61,4.45,4.57,3649741.48,4.57
2020-01-03 00:00:00,4.59,4.73,4.54,4.65,3477125.93,4.65
2020-01-06 00:00:00,4.55,4.71,4.52,4.61,3249024.23,4.61
2020-01-07 00:00:00,4.64,4.67,4.50,4.57,2976841.30,4.57
2020-01-08 00:00:00,4.81,4.94,4.68,4.72,7862130.01,4.72
2020-01-09 00:00:00,4.83,4.92,4.73,4.78,4280763.92,4.78
2020-01-10 00:00:00,4.78,4.80,4.60,4.67,3373615.23,4.67
2020-01-13 00:00:00,4.67,4.77,4.60,4.77,2909356.80,4.77
2020-01-14 00:00:00,4.75,5.00,4.74,4.87,4369357.11,4.87
2020-01-15 00:00:00,4.85,4.89,4.76,4.84,2481138.27,4.84
2020-01-16 00:00:00,4.86,5.00,4.83,4.91,3151449.25,4.91
2020-01-17 00:00:00,4.92,4.97,4.79,4.86,2352446.48,4.86
2020-01-20 00:00:00,4.90,5.23,4.86,5.20,5301182.35,5.20
2020-01-21 00:00:00,5.13,5.19,5.07,5.10,2874978.27,5.10
2020-01-22 00:00:00,5.05,5.20,4.93,5.13,3439092.52,5.13
2020-01-23 00:00:00,5.02,5.26,4.95,5.06,4466446.35,5.06
2020-02-03 00:00:00,4.55,4.66,4.55,4.55,3715570.00,4.55
2020-02-04 00:00:00,4.55,5.00,4.54,4.92,6106025.22,4.92
2020-02-05 00:00:00,4.88,5.09,4.84,4.98,5621900.69,4.98
2020-02-06 00:00:00,4.95,5.48,4.91,5.48,7997062.28,5.48
2020-02-07 00:00:00,5.55,5.79,5.49,5.69,7837169.01,5.69
2020-02-10 00:00:00,5.55,5.73,5.48,5.60,5354868.46,5.60
2020-02-11 00:00:00,5.59,5.62,5.40,5.50,4456425.27,5.50
2020-02-12 00:00:00,5.44,5.57,5.37,5.55,4789497.78,5.55
2020-02-13 00:00:00,5.51,5.75,5.36,5.68,6696679.33,5.68
2020-02-14 00:00:00,5.62,5.72,5.51,5.56,4484266.85,5.56
2020-02-17 00:00:00,5.61,5.83,5.52,5.79,5352213.90,5.79
2020-02-18 00:00:00,5.84,6.27,5.80,6.15,7155258.41,6.15
2020-02-19 00:00:00,6.08,6.28,6.04,6.09,4899668.77,6.09
2020-02-20 00:00:00,6.16,6.70,6.10,6.70,6965114.98,6.70
2020-02-21 00:00:00,6.89,7.02,6.61,6.67,9396220.66,6.67
2020-02-24 00:00:00,6.80,7.30,6.62,7.17,8736848.99,7.17
2020-02-25 00:00:00,6.95,7.37,6.80,7.36,10691656.55,7.36
2020-02-26 00:00:00,7.17,7.28,6.62,6.65,10568554.47,6.65
2020-02-27 00:00:00,6.65,6.75,6.35,6.44,7942839.26,6.44
2020-02-28 00:00:00,6.08,6.25,5.81,5.88,11581695.67,5.88
2020-03-02 00:00:00,6.04,6.47,6.04,6.36,10619589.91,6.36
2020-03-03 00:00:00,6.49,6.81,6.26,6.40,9731815.03,6.40
2020-03-04 00:00:00,6.35,6.38,5.96,6.20,7254822.37,6.20
2020-03-05 00:00:00,6.39,6.44,6.07,6.25,6531245.68,6.25
2020-03-06 00:00:00,6.09,6.44,6.05,6.37,6770506.62,6.37
2020-03-09 00:00:00,6.10,6.28,5.90,5.95,7059523.30,5.95
2020-03-10 00:00:00,5.92,6.17,5.67,6.17,8673188.95,6.17
2020-03-11 00:00:00,6.12,6.12,5.81,5.83,7494423.93,5.83
2020-03-12 00:00:00,5.60,5.67,5.39,5.50,8553985.82,5.50
2020-03-13 00:00:00,5.23,5.58,5.12,5.46,6992304.34,5.46
2020-03-16 00:00:00,5.42,5.42,4.91,4.92,8546904.19,4.92
2020-03-17 00:00:00,5.05,5.16,4.82,5.09,8238824.96,5.09
2020-03-18 00:00:00,5.10,5.22,4.90,4.90,6967953.65,4.90
2020-03-19 00:00:00,4.90,5.08,4.78,5.04,6930427.72,5.04
2020-03-20 00:00:00,5.14,5.15,4.86,4.99,5731295.13,4.99
2020-03-23 00:00:00,4.73,4.77,4.49,4.58,7164141.71,4.58
2020-03-24 00:00:00,4.70,4.71,4.35,4.61,7025450.41,4.61
2020-03-25 00:00:00,4.68,4.84,4.66,4.74,7822412.31,4.74
2020-03-26 00:00:00,4.68,4.69,4.53,4.54,5210191.05,4.54
2020-03-27 00:00:00,4.65,4.67,4.49,4.49,4272430.55,4.49
2020-03-30 00:00:00,4.35,4.38,4.18,4.28,5440960.20,4.28
2020-03-31 00:00:00,4.33,4.35,4.12,4.14,5167777.96,4.14
2020-04-01 00:00:00,4.13,4.55,4.13,4.37,9664293.33,4.37
2020-04-02 00:00:00,4.38,4.58,4.34,4.57,7930407.64,4.57
2020-04-03 00:00:00,4.51,4.53,4.38,4.40,5009551.35,4.40
2020-04-07 00:00:00,4.55,4.73,4.51,4.64,7320419.68,4.64
2020-04-08 00:00:00,4.59,4.72,4.56,4.61,5590874.24,4.61
2020-04-09 00:00:00,4.65,4.66,4.51,4.56,3496878.75,4.56
2020-04-10 00:00:00,4.53,4.54,4.35,4.41,3754933.62,4.41
2020-04-13 00:00:00,4.33,4.42,4.26,4.30,2633497.30,4.30
2020-04-14 00:00:00,4.35,4.47,4.32,4.47,3676131.55,4.47
2020-04-15 00:00:00,4.46,4.57,4.41,4.43,4566528.58,4.43
2020-04-16 00:00:00,4.39,4.47,4.32,4.45,2730840.77,4.45
2020-04-17 00:00:00,4.55,4.72,4.51,4.61,7125757.84,4.61
2020-04-20 00:00:00,4.58,4.62,4.52,4.61,2980277.80,4.61
2020-04-21 00:00:00,4.54,4.55,4.39,4.45,3856754.56,4.45
2020-04-22 00:00:00,4.36,4.45,4.34,4.44,2566782.05,4.44
2020-04-23 00:00:00,4.46,4.46,4.34,4.34,2691469.95,4.34
2020-04-24 00:00:00,4.34,4.37,4.21,4.24,2289842.13,4.24
2020-04-27 00:00:00,4.24,4.32,4.22,4.27,1615212.20,4.27
2020-04-28 00:00:00,4.28,4.29,4.03,4.23,2922680.31,4.23
2020-04-29 00:00:00,4.14,4.35,4.13,4.32,3060458.45,4.32
2020-04-30 00:00:00,4.28,4.64,4.24,4.64,8244641.01,4.64
2020-05-06 00:00:00,4.55,4.85,4.53,4.80,7595384.74,4.80
2020-05-07 00:00:00,4.78,4.82,4.68,4.71,4195392.47,4.71
2020-05-08 00:00:00,4.77,4.83,4.72,4.74,4231863.00,4.74
2020-05-11 00:00:00,4.79,4.95,4.76,4.84,5067179.89,4.84
2020-05-12 00:00:00,4.82,4.83,4.69,4.83,3301621.91,4.83
2020-05-13 00:00:00,4.79,4.97,4.74,4.89,3936604.71,4.89
2020-05-14 00:00:00,4.83,5.06,4.81,4.99,4942764.94,4.99
2020-05-15 00:00:00,5.02,5.34,4.94,5.19,6312237.58,5.19
2020-05-18 00:00:00,5.15,5.22,4.86,4.90,5612078.99,4.90
2020-05-19 00:00:00,4.95,5.10,4.93,5.09,3817175.19,5.09
2020-05-20 00:00:00,5.06,5.32,5.03,5.16,5233076.60,5.16
2020-05-21 00:00:00,5.18,5.30,5.07,5.12,4409748.22,5.12
2020-05-22 00:00:00,5.08,5.10,4.86,4.95,4647214.32,4.95
2020-05-25 00:00:00,4.88,4.98,4.82,4.90,2298135.29,4.90
2020-05-26 00:00:00,4.95,5.04,4.91,5.03,2991170.88,5.03
2020-05-27 00:00:00,5.03,5.03,4.86,4.88,2553013.03,4.88
2020-05-28 00:00:00,4.86,5.02,4.85,4.94,2654167.04,4.94
2020-05-29 00:00:00,4.97,5.28,4.92,5.22,6469806.07,5.22
2020-06-01 00:00:00,5.26,5.48,5.21,5.40,5252238.24,5.40
2020-06-02 00:00:00,5.40,5.82,5.37,5.72,7695134.50,5.72
2020-06-03 00:00:00,5.78,5.94,5.66,5.71,7391878.90,5.71
2020-06-04 00:00:00,5.83,5.94,5.75,5.80,5001572.19,5.80
2020-06-05 00:00:00,5.81,5.91,5.66,5.77,4067462.31,5.77
2020-06-08 00:00:00,5.93,6.25,5.93,6.01,7745856.72,6.01
2020-06-09 00:00:00,5.99,5.99,5.74,5.76,5410716.03,5.76
2020-06-10 00:00:00,5.72,6.01,5.72,5.98,4989693.34,5.98
2020-06-11 00:00:00,5.98,6.01,5.79,5.83,4091577.60,5.83
2020-06-12 00:00:00,5.60,5.83,5.57,5.76,3526596.24,5.76
2020-06-15 00:00:00,5.68,5.73,5.52,5.57,3582308.58,5.57
2020-06-16 00:00:00,5.73,5.85,5.71,5.79,3207873.95,5.79
2020-06-17 00:00:00,5.80,5.82,5.68,5.79,2639298.53,5.79
2020-06-18 00:00:00,5.77,6.16,5.74,6.13,6022552.75,6.13
2020-06-19 00:00:00,6.13,6.23,6.06,6.15,3971830.27,6.15
2020-06-22 00:00:00,6.21,6.33,6.12,6.16,4156131.00,6.16
2020-06-23 00:00:00,6.28,6.32,6.10,6.15,3454096.76,6.15
2020-06-24 00:00:00,6.30,6.30,6.03,6.14,3088845.10,6.14
2020-06-29 00:00:00,6.08,6.25,6.02,6.16,2931787.85,6.16
2020-06-30 00:00:00,6.16,6.24,6.11,6.20,3103871.95,6.20
2020-07-01 00:00:00,6.19,6.21,5.98,6.08,3399706.36,6.08
2020-07-02 00:00:00,6.07,6.33,5.98,6.32,5372287.22,6.32
2020-07-03 00:00:00,6.30,6.30,6.10,6.18,4406510.31,6.18
2020-07-06 00:00:00,6.15,6.54,6.13,6.51,6182438.90,6.51
2020-07-07 00:00:00,6.66,7.13,6.66,6.81,7900820.54,6.81
2020-07-08 00:00:00,6.91,6.97,6.63,6.87,5849984.19,6.87
2020-07-09 00:00:00,6.79,7.04,6.74,6.87,5866835.58,6.87
2020-07-10 00:00:00,6.75,6.82,6.60,6.61,4731355.45,6.61
2020-07-13 00:00:00,6.56,7.00,6.55,6.99,5566352.47,6.99
2020-07-14 00:00:00,7.00,7.04,6.61,6.76,5737950.89,6.76
2020-07-15 00:00:00,6.74,6.80,6.36,6.43,5032894.20,6.43
2020-07-16 00:00:00,6.62,6.87,6.20,6.30,7057583.14,6.30
2020-07-17 00:00:00,6.30,6.67,6.22,6.62,5263692.96,6.62
2020-07-20 00:00:00,6.69,6.73,6.40,6.70,4603539.85,6.70
2020-07-21 00:00:00,6.81,7.25,6.77,6.96,8036783.97,6.96
2020-07-22 00:00:00,6.85,7.14,6.81,6.98,5220613.70,6.98
2020-07-23 00:00:00,6.86,6.91,6.58,6.72,6123792.96,6.72
2020-07-24 00:00:00,6.61,6.65,6.06,6.10,7284424.06,6.10
2020-07-27 00:00:00,6.11,6.16,5.81,6.04,3935110.16,6.04
2020-07-28 00:00:00,6.08,6.24,6.01,6.13,3267689.57,6.13
2020-07-29 00:00:00,6.08,6.35,6.00,6.32,4308410.97,6.32
2020-07-30 00:00:00,6.33,6.34,6.12,6.16,3537670.97,6.16
2020-07-31 00:00:00,6.15,6.33,6.14,6.26,3703565.94,6.26
2020-08-03 00:00:00,6.30,6.42,6.23,6.34,4765331.88,6.34
2020-08-04 00:00:00,6.30,6.32,6.15,6.21,3864064.79,6.21
2020-08-05 00:00:00,6.25,6.43,6.14,6.43,4937296.28,6.43
2020-08-06 00:00:00,6.53,6.88,6.31,6.78,8142216.70,6.78
2020-08-07 00:00:00,6.69,6.76,6.42,6.58,4989119.21,6.58
2020-08-10 00:00:00,6.49,6.60,6.36,6.49,2898673.33,6.49
2020-08-11 00:00:00,6.52,6.55,6.20,6.24,3212056.73,6.24
2020-08-12 00:00:00,6.21,6.31,6.10,6.29,3078410.28,6.29
2020-08-13 00:00:00,6.31,6.40,6.17,6.26,2721494.14,6.26
2020-08-14 00:00:00,6.21,6.36,6.18,6.29,2399558.76,6.29
2020-08-17 00:00:00,6.40,6.74,6.38,6.65,5930509.55,6.65
2020-08-18 00:00:00,6.73,6.82,6.61,6.74,4202267.24,6.74
2020-08-19 00:00:00,6.69,6.79,6.51,6.53,3379383.51,6.53
2020-08-20 00:00:00,6.42,6.58,6.37,6.47,2441983.52,6.47
2020-08-21 00:00:00,6.65,6.73,6.49,6.55,3374124.59,6.55
2020-08-24 00:00:00,6.63,6.90,6.54,6.77,4724319.42,6.77
2020-08-25 00:00:00,6.78,6.78,6.54,6.62,3380250.96,6.62
2020-08-26 00:00:00,6.58,6.62,6.42,6.44,2538423.04,6.44
2020-08-27 00:00:00,6.45,6.65,6.45,6.65,2631250.49,6.65
2020-08-28 00:00:00,6.63,6.80,6.53,6.76,3873480.36,6.76
2020-08-31 00:00:00,6.95,7.34,6.81,7.08,8349765.61,7.08
2020-09-01 00:00:00,7.10,7.27,7.06,7.16,4898588.43,7.16
2020-09-02 00:00:00,7.17,7.64,7.14,7.56,7371645.37,7.56
2020-09-03 00:00:00,7.49,7.51,7.31,7.45,4331751.05,7.45
2020-09-04 00:00:00,7.28,7.62,7.24,7.43,4660703.58,7.43
2020-09-07 00:00:00,7.43,7.58,6.93,7.02,5994755.80,7.02
2020-09-08 00:00:00,7.03,7.11,6.86,7.04,4213173.46,7.04
2020-09-09 00:00:00,6.87,6.94,6.68,6.76,3625923.62,6.76
2020-09-10 00:00:00,6.85,6.88,6.57,6.59,4063080.42,6.59
2020-09-11 00:00:00,6.65,7.02,6.48,6.99,4474735.84,6.99
2020-09-14 00:00:00,6.98,7.09,6.92,7.04,3102160.80,7.04
2020-09-15 00:00:00,6.99,6.99,6.77,6.94,2961212.63,6.94
2020-09-16 00:00:00,6.87,7.02,6.76,6.79,2722565.28,6.79
2020-09-18 00:00:00,6.86,6.87,6.61,6.87,3246980.12,6.87
2020-09-21 00:00:00,6.80,6.92,6.66,6.66,2782158.63,6.66
2020-09-22 00:00:00,6.57,6.64,6.40,6.43,3085784.92,6.43
2020-09-23 00:00:00,6.45,6.48,6.26,6.38,2787921.60,6.38
2020-09-24 00:00:00,6.34,6.35,6.14,6.16,2838633.17,6.16
2020-09-25 00:00:00,6.20,6.24,6.07,6.13,1915804.68,6.13
2020-09-28 00:00:00,6.15,6.19,6.10,6.13,1611358.59,6.13
2020-09-29 00:00:00,6.16,6.39,6.15,6.26,2515990.19,6.26
2020-09-30 00:00:00,6.26,6.26,6.11,6.15,1752852.03,6.15
2020-10-09 00:00:00,6.45,6.55,6.37,6.49,3020704.10,6.49
2020-10-12 00:00:00,6.48,6.59,6.40,6.58,3432033.61,6.58
2020-10-13 00:00:00,6.56,6.57,6.45,6.51,1797963.36,6.51
2020-10-14 00:00:00,6.51,6.51,6.32,6.33,2296196.98,6.33
2020-10-15 00:00:00,6.32,6.40,6.21,6.28,1633037.81,6.28
2020-10-16 00:00:00,6.27,6.34,6.04,6.09,3205957.60,6.09
2020-10-19 00:00:00,6.10,6.13,5.86,5.91,2946599.09,5.91
2020-10-20 00:00:00,5.90,6.11,5.78,6.11,2822750.59,6.11
2020-10-21 00:00:00,6.08,6.11,5.96,6.07,1647072.59,6.07
2020-10-22 00:00:00,6.02,6.21,5.96,6.15,2212086.57,6.15
2020-10-23 00:00:00,6.15,6.24,6.06,6.11,1491454.95,6.11
2020-10-26 00:00:00,6.05,6.07,5.97,6.02,1440545.85,6.02
2020-10-27 00:00:00,5.98,6.03,5.83,6.01,2042781.33,6.01
2020-10-28 00:00:00,5.98,6.16,5.87,6.13,2250534.09,6.13
2020-10-29 00:00:00,5.96,6.34,5.94,6.24,3422422.14,6.24
2020-10-30 00:00:00,6.32,6.33,6.02,6.03,2638181.63,6.03
2020-11-02 00:00:00,6.01,6.30,6.00,6.28,3353684.03,6.28
2020-11-03 00:00:00,6.26,6.42,6.23,6.36,3116944.68,6.36
2020-11-04 00:00:00,6.33,6.44,6.26,6.43,2644275.66,6.43
2020-11-05 00:00:00,6.48,6.57,6.40,6.51,3584935.97,6.51
2020-11-06 00:00:00,6.49,6.75,6.47,6.66,3647533.45,6.66
2020-11-09 00:00:00,6.77,6.91,6.61,6.80,5088874.98,6.80
2020-11-10 00:00:00,6.77,7.05,6.69,7.03,4581167.57,7.03
2020-11-11 00:00:00,6.83,7.26,6.72,6.79,6454475.60,6.79
2020-11-12 00:00:00,6.66,6.99,6.60,6.87,3635815.91,6.87
2020-11-13 00:00:00,6.80,7.26,6.75,7.18,6610676.94,7.18
2020-11-16 00:00:00,7.10,7.19,7.00,7.19,4051602.97,7.19
2020-11-17 00:00:00,7.01,7.08,6.71,6.89,5112520.49,6.89
2020-11-18 00:00:00,6.89,7.05,6.82,6.97,2896277.27,6.97
2020-11-19 00:00:00,6.95,7.07,6.79,6.89,2530740.16,6.89
2020-11-20 00:00:00,6.85,6.94,6.77,6.88,2020646.27,6.88
2020-11-23 00:00:00,6.92,7.10,6.85,7.09,3664574.07,7.09
2020-11-24 00:00:00,7.06,7.26,7.05,7.12,3045691.19,7.12
2020-11-25 00:00:00,7.13,7.20,6.98,7.00,2520231.05,7.00
2020-11-26 00:00:00,7.02,7.04,6.75,6.84,2727688.18,6.84
2020-11-27 00:00:00,6.85,6.88,6.67,6.80,2156916.90,6.80
2020-11-30 00:00:00,6.80,7.12,6.71,7.01,3621161.70,7.01
2020-12-01 00:00:00,7.05,7.36,6.97,7.28,4870112.70,7.28
2020-12-02 00:00:00,7.39,8.01,7.39,8.01,8653578.18,8.01
2020-12-03 00:00:00,8.31,8.38,7.58,7.62,13128221.92,7.62
2020-12-04 00:00:00,7.45,7.51,7.12,7.19,8750058.67,7.19
2020-12-07 00:00:00,7.21,7.27,7.05,7.06,4626445.12,7.06
2020-12-08 00:00:00,7.11,7.25,6.98,7.16,4722058.49,7.16
2020-12-09 00:00:00,7.10,7.12,6.86,6.88,4073909.73,6.88
2020-12-10 00:00:00,6.80,6.90,6.72,6.83,2246277.80,6.83
2020-12-11 00:00:00,6.83,6.88,6.52,6.72,3463708.97,6.72
2020-12-14 00:00:00,6.73,6.99,6.66,6.97,3467865.04,6.97
2020-12-15 00:00:00,6.99,7.20,6.91,7.12,4261626.96,7.12
2020-12-16 00:00:00,7.00,7.16,6.89,6.93,2935287.18,6.93
2020-12-17 00:00:00,6.86,7.08,6.76,7.05,2673351.17,7.05
2020-12-18 00:00:00,7.03,7.05,6.85,6.90,2431086.86,6.90
2020-12-21 00:00:00,6.85,7.10,6.82,7.09,3316495.00,7.09
2020-12-22 00:00:00,7.11,7.25,6.76,6.77,5356558.44,6.77
2020-12-23 00:00:00,6.73,6.95,6.69,6.88,3590262.30,6.88
2020-12-24 00:00:00,6.83,6.85,6.56,6.71,3622290.39,6.71
2020-12-25 00:00:00,6.71,6.83,6.64,6.79,1923738.38,6.79
2020-12-28 00:00:00,6.78,6.90,6.68,6.87,2373644.44,6.87
2020-12-29 00:00:00,6.84,6.96,6.69,6.70,3059324.06,6.70
2020-12-30 00:00:00,6.62,7.04,6.57,6.94,4647883.49,6.94
2020-12-31 00:00:00,6.96,7.20,6.95,7.08,4121444.01,7.08
2021-01-04 00:00:00,7.11,7.24,7.03,7.18,3935129.65,7.18
2021-01-05 00:00:00,7.13,7.41,7.08,7.39,4916118.84,7.39
2021-01-06 00:00:00,7.42,7.49,7.23,7.28,3728339.81,7.28
2021-01-07 00:00:00,7.26,7.44,7.24,7.35,3765437.65,7.35
2021-01-08 00:00:00,7.25,7.59,7.21,7.47,4830815.14,7.47
2021-01-11 00:00:00,7.60,7.85,7.35,7.82,7586603.23,7.82
2021-01-12 00:00:00,8.10,8.60,7.77,8.60,9794416.85,8.60
2021-01-13 00:00:00,8.95,9.45,8.88,9.24,12812563.88,9.24
2021-01-14 00:00:00,9.48,9.49,8.88,9.10,10926307.19,9.10
2021-01-15 00:00:00,9.20,9.57,8.93,9.32,9603334.65,9.32
2021-01-18 00:00:00,9.12,10.25,9.08,10.09,12325172.47,10.09
2021-01-19 00:00:00,9.90,9.90,9.08,9.08,11534160.91,9.08
2021-01-20 00:00:00,8.88,9.25,8.84,9.11,6308821.43,9.11
2021-01-21 00:00:00,9.15,10.02,9.15,9.80,9665362.49,9.80
2021-01-22 00:00:00,9.75,10.10,9.65,9.94,7155475.56,9.94
2021-01-25 00:00:00,9.82,9.84,9.30,9.48,7680435.19,9.48
2021-01-26 00:00:00,9.38,9.67,9.21,9.41,5377766.80,9.41
2021-01-27 00:00:00,9.46,9.56,8.94,9.36,4871095.17,9.36
2021-01-28 00:00:00,9.19,9.40,8.77,8.88,5566997.83,8.88
2021-01-29 00:00:00,9.06,9.07,8.30,8.59,6091465.59,8.59
2021-02-01 00:00:00,8.70,9.19,8.60,9.03,4870139.18,9.03
2021-02-02 00:00:00,9.18,9.43,8.97,9.37,5085012.12,9.37
2021-02-03 00:00:00,9.34,9.51,9.10,9.13,5193914.60,9.13
2021-02-04 00:00:00,9.01,9.46,8.92,9.40,5616680.38,9.40
2021-02-05 00:00:00,9.37,9.38,8.46,8.46,9003496.30,8.46
2021-02-08 00:00:00,8.46,8.83,8.15,8.64,5753459.15,8.64
2021-02-09 00:00:00,8.80,9.21,8.68,9.07,4566407.13,9.07
2021-02-10 00:00:00,9.07,9.18,8.93,9.13,3429762.96,9.13
2021-02-18 00:00:00,9.31,9.63,9.12,9.22,5081074.97,9.22
2021-02-19 00:00:00,9.16,9.55,8.97,9.49,4385545.10,9.49
2021-02-22 00:00:00,9.48,9.66,9.23,9.27,5617296.68,9.27
2021-02-23 00:00:00,9.07,9.40,8.97,9.03,4879912.54,9.03
2021-02-24 00:00:00,9.00,9.04,8.49,8.70,5709078.97,8.70
2021-02-25 00:00:00,8.80,8.85,8.49,8.54,3296491.29,8.54
2021-02-26 00:00:00,8.26,8.45,8.17,8.23,3784642.26,8.23
2021-03-01 00:00:00,8.35,8.58,8.35,8.48,2769687.15,8.48
2021-03-02 00:00:00,8.53,8.60,8.18,8.34,3057204.88,8.34
2021-03-03 00:00:00,8.33,8.68,8.27,8.60,3083331.02,8.60
2021-03-04 00:00:00,8.58,8.73,8.38,8.66,3451233.83,8.66
2021-03-05 00:00:00,8.48,9.14,8.32,8.94,4627671.37,8.94
2021-03-08 00:00:00,9.25,9.51,8.93,9.06,6504777.42,9.06
2021-03-09 00:00:00,9.07,9.16,8.15,8.59,6235099.38,8.59
2021-03-10 00:00:00,8.71,9.08,8.35,9.06,5237936.67,9.06
2021-03-11 00:00:00,8.80,9.09,8.57,8.93,5272160.27,8.93
2021-03-12 00:00:00,8.98,9.48,8.85,9.34,6793672.74,9.34
2021-03-15 00:00:00,9.35,9.88,9.20,9.57,6726290.45,9.57
2021-03-16 00:00:00,9.65,9.70,9.25,9.41,4908422.50,9.41
2021-03-17 00:00:00,9.27,10.15,9.15,10.02,8154640.78,10.02
2021-03-18 00:00:00,9.91,10.21,9.80,10.07,5858626.63,10.07
2021-03-19 00:00:00,9.83,10.06,9.40,9.44,6989803.92,9.44
2021-03-22 00:00:00,9.39,10.38,9.39,10.24,9776612.96,10.24
2021-03-23 00:00:00,10.20,10.33,9.76,9.93,7556754.37,9.93
2021-03-24 00:00:00,9.94,9.99,9.64,9.77,4658670.45,9.77
2021-03-25 00:00:00,9.54,9.60,9.12,9.19,6322140.28,9.19
2021-03-26 00:00:00,9.29,9.56,9.17,9.46,4596155.17,9.46
2021-03-29 00:00:00,9.47,9.53,9.13,9.16,4810823.70,9.16
2021-03-30 00:00:00,9.19,9.49,9.11,9.32,4073663.18,9.32
2021-03-31 00:00:00,9.30,9.40,9.20,9.34,2696146.29,9.34
2021-04-01 00:00:00,9.33,9.46,9.21,9.39,3058759.80,9.39
2021-04-02 00:00:00,9.40,9.90,9.28,9.86,6038495.08,9.86
2021-04-06 00:00:00,9.87,9.88,9.67,9.83,3210571.03,9.83
2021-04-07 00:00:00,9.83,10.09,9.75,9.95,4250492.44,9.95
2021-04-08 00:00:00,9.87,9.87,9.61,9.69,3537096.21,9.69
2021-04-09 00:00:00,9.66,9.83,9.31,9.35,5150434.09,9.35
2021-04-12 00:00:00,9.14,9.46,8.78,8.92,6912089.77,8.92
2021-04-13 00:00:00,8.89,9.09,8.63,8.83,4994967.23,8.83
2021-04-14 00:00:00,8.86,9.29,8.82,9.13,5165571.93,9.13
2021-04-15 00:00:00,9.12,9.14,8.97,9.10,2583247.91,9.10
2021-04-16 00:00:00,9.14,9.18,8.94,9.01,2238945.62,9.01
2021-04-19 00:00:00,8.98,9.17,8.93,9.11,3364301.35,9.11
2021-04-20 00:00:00,9.04,9.05,8.90,8.94,3266151.24,8.94
2021-04-21 00:00:00,8.90,9.19,8.86,9.03,3720107.19,9.03
2021-04-22 00:00:00,9.01,9.07,8.93,8.99,2343090.51,8.99
2021-04-23 00:00:00,9.00,9.15,8.95,9.14,3027078.76,9.14
2021-04-26 00:00:00,9.18,9.49,9.14,9.23,5133696.36,9.23
2021-04-27 00:00:00,9.26,9.33,9.11,9.32,3008655.22,9.32
2021-04-28 00:00:00,9.31,9.32,8.96,9.07,4114390.62,9.07
2021-04-29 00:00:00,9.00,9.24,8.99,9.03,2582809.66,9.03
2021-04-30 00:00:00,9.04,9.10,8.92,9.00,2413920.61,9.00
2021-05-06 00:00:00,8.88,9.08,8.78,8.91,2341881.64,8.91
2021-05-07 00:00:00,8.92,8.96,8.43,8.50,4123828.69,8.50
2021-05-10 00:00:00,8.49,8.60,8.39,8.54,2320603.31,8.54
2021-05-11 00:00:00,8.45,8.65,8.40,8.62,2351030.89,8.62
2021-05-12 00:00:00,8.57,8.65,8.46,8.54,1857679.74,8.54
2021-05-13 00:00:00,8.43,8.48,8.18,8.23,2926644.91,8.23
2021-05-14 00:00:00,8.25,8.59,8.23,8.54,3047232.61,8.54
2021-05-17 00:00:00,8.54,8.73,8.50,8.57,2562455.29,8.57
2021-05-18 00:00:00,8.54,8.75,8.41,8.75,2355062.27,8.75
2021-05-19 00:00:00,8.60,8.63,8.52,8.58,1838514.01,8.58
2021-05-20 00:00:00,8.58,8.58,8.35,8.43,2445575.92,8.43
2021-05-21 00:00:00,8.48,8.69,8.43,8.49,2694570.06,8.49
2021-05-24 00:00:00,8.49,8.50,8.21,8.29,3067841.71,8.29
2021-05-25 00:00:00,8.29,8.35,8.16,8.31,3286239.25,8.31
2021-05-26 00:00:00,8.26,8.33,8.20,8.22,2567606.31,8.22
2021-05-27 00:00:00,8.18,8.38,8.15,8.36,3810261.30,8.36
2021-05-28 00:00:00,8.34,8.35,8.10,8.12,4908016.80,8.12
2021-05-31 00:00:00,8.10,8.20,7.96,8.08,3592638.09,8.08
2021-06-01 00:00:00,8.08,8.22,7.99,8.16,3244505.23,8.16
2021-06-02 00:00:00,8.15,8.16,8.00,8.01,2764520.06,8.01
2021-06-03 00:00:00,7.99,8.07,7.90,7.91,2434725.74,7.91
2021-06-04 00:00:00,7.88,7.89,7.63,7.70,3980713.34,7.70
2021-06-07 00:00:00,7.70,7.90,7.67,7.85,2590875.35,7.85
2021-06-08 00:00:00,7.84,7.84,7.65,7.67,2614937.45,7.67
2021-06-09 00:00:00,7.64,7.74,7.50,7.54,2923507.96,7.54
2021-06-10 00:00:00,7.49,7.59,7.42,7.50,3631526.65,7.50
2021-06-11 00:00:00,7.52,7.78,7.42,7.65,5361299.27,7.65
2021-06-15 00:00:00,7.66,7.69,7.46,7.55,2676542.17,7.55
2021-06-16 00:00:00,7.49,7.63,7.27,7.28,3130128.26,7.28
2021-06-17 00:00:00,7.22,7.29,7.05,7.17,5178252.09,7.17
2021-06-18 00:00:00,7.30,7.76,7.28,7.60,7440057.27,7.60
2021-06-21 00:00:00,7.60,7.72,7.50,7.54,4307462.55,7.54
2021-06-22 00:00:00,7.61,7.81,7.54,7.75,4493830.40,7.75
2021-06-23 00:00:00,7.70,7.79,7.66,7.72,3094827.22,7.72
2021-06-24 00:00:00,7.73,7.83,7.55,7.82,3675077.95,7.82
2021-06-25 00:00:00,7.78,7.81,7.63,7.77,3340791.52,7.77
2021-06-28 00:00:00,7.78,7.84,7.69,7.81,2854972.47,7.81
2021-06-29 00:00:00,7.78,7.78,7.62,7.63,2458475.15,7.63
2021-06-30 00:00:00,7.60,7.71,7.55,7.65,2098427.31,7.65
2021-07-01 00:00:00,7.65,7.69,7.32,7.37,2888185.96,7.37
2021-07-02 00:00:00,7.38,7.51,7.31,7.41,2289694.14,7.41
2021-07-05 00:00:00,7.41,7.54,7.28,7.46,1901284.33,7.46
2021-07-06 00:00:00,7.43,7.90,7.35,7.90,5596813.80,7.90
2021-07-07 00:00:00,7.80,8.01,7.76,7.97,4915329.37,7.97
2021-07-08 00:00:00,7.92,8.28,7.90,8.10,4898649.04,8.10
2021-07-09 00:00:00,8.02,8.17,7.99,8.06,3238630.83,8.06
2021-07-12 00:00:00,8.11,8.14,7.90,8.01,4766196.79,8.01
2021-07-13 00:00:00,7.97,8.09,7.93,8.03,2979235.52,8.03
2021-07-14 00:00:00,8.31,8.39,8.10,8.18,4868713.91,8.18
2021-07-15 00:00:00,8.17,8.17,7.84,8.02,4759012.53,8.02
2021-07-16 00:00:00,7.97,8.50,7.96,8.37,8137564.00,8.37
2021-07-19 00:00:00,8.33,8.45,8.20,8.25,4435034.43,8.25
2021-07-20 00:00:00,8.18,8.21,8.04,8.20,3026826.55,8.20
2021-07-21 00:00:00,8.19,8.20,7.97,8.03,4510615.14,8.03
2021-07-22 00:00:00,8.03,8.11,7.97,8.03,3108162.89,8.03
2021-07-23 00:00:00,8.03,8.03,7.66,7.71,4750203.92,7.71
2021-07-26 00:00:00,7.65,7.78,7.47,7.60,2959697.50,7.60
2021-07-27 00:00:00,7.63,7.90,7.61,7.65,4051821.99,7.65
2021-07-28 00:00:00,7.58,7.58,7.25,7.29,3791273.29,7.29
2021-07-29 00:00:00,7.43,7.47,7.25,7.36,3105419.14,7.36
2021-07-30 00:00:00,7.25,7.43,7.15,7.39,3239034.47,7.39
2021-08-02 00:00:00,7.40,7.77,7.27,7.68,4285357.35,7.68
2021-08-03 00:00:00,7.63,7.64,7.45,7.49,2647707.33,7.49
2021-08-04 00:00:00,7.49,7.65,7.48,7.53,2673327.41,7.53
2021-08-05 00:00:00,7.53,7.77,7.45,7.55,3184810.54,7.55
2021-08-06 00:00:00,7.48,7.72,7.37,7.68,3305901.12,7.68
2021-08-09 00:00:00,7.70,7.96,7.66,7.88,3654569.48,7.88
2021-08-10 00:00:00,7.84,7.93,7.72,7.84,3835914.62,7.84
2021-08-11 00:00:00,7.84,7.91,7.75,7.77,3090637.81,7.77
2021-08-12 00:00:00,7.74,7.78,7.63,7.69,2903650.65,7.69
2021-08-13 00:00:00,7.70,7.74,7.48,7.54,2993249.61,7.54
2021-08-16 00:00:00,7.55,7.80,7.55,7.62,3022055.36,7.62
2021-08-17 00:00:00,7.69,7.72,7.38,7.39,2981248.14,7.39
2021-08-18 00:00:00,7.36,7.47,7.28,7.42,2283709.03,7.42
2021-08-19 00:00:00,7.44,7.55,7.40,7.41,2532326.62,7.41
2021-08-20 00:00:00,7.37,7.37,7.17,7.27,2900557.94,7.27
2021-08-23 00:00:00,7.18,7.32,7.11,7.28,2260791.21,7.28
2021-08-24 00:00:00,7.26,7.27,7.12,7.15,3286188.14,7.15
2021-08-25 00:00:00,7.15,7.22,7.11,7.17,2086620.74,7.17
2021-08-26 00:00:00,7.17,7.20,7.11,7.13,2099857.74,7.13
2021-08-27 00:00:00,7.13,7.23,7.07,7.16,2247476.10,7.16
2021-08-30 00:00:00,7.17,7.21,7.10,7.14,2296624.12,7.14
2021-08-31 00:00:00,7.15,7.17,7.02,7.13,2644950.94,7.13
2021-09-01 00:00:00,7.10,7.20,7.00,7.19,3463700.85,7.19
2021-09-02 00:00:00,7.17,7.26,7.12,7.26,3006850.24,7.26
2021-09-03 00:00:00,7.25,7.25,7.16,7.17,2071811.76,7.17
2021-09-06 00:00:00,7.05,7.11,7.00,7.08,2980543.12,7.08
2021-09-07 00:00:00,7.04,7.09,7.01,7.07,2154885.79,7.07
2021-09-08 00:00:00,7.06,7.48,7.04,7.40,5925260.64,7.40
2021-09-09 00:00:00,7.33,7.45,7.27,7.30,3043671.59,7.30
2021-09-10 00:00:00,7.30,7.42,7.26,7.32,2628020.50,7.32
2021-09-13 00:00:00,7.29,7.29,7.10,7.13,2883969.94,7.13
2021-09-14 00:00:00,7.10,7.11,7.03,7.05,2404010.84,7.05
2021-09-15 00:00:00,7.02,7.07,7.01,7.05,1664524.49,7.05
2021-09-16 00:00:00,7.04,7.05,6.86,6.88,3006973.93,6.88
2021-09-17 00:00:00,6.85,6.86,6.61,6.67,2893321.50,6.67
2021-09-22 00:00:00,6.57,6.61,6.53,6.56,1671268.45,6.56
2021-09-23 00:00:00,6.49,6.63,6.47,6.56,1627790.80,6.56
2021-09-24 00:00:00,6.57,6.60,6.36,6.43,2177007.68,6.43
2021-09-27 00:00:00,6.44,6.79,6.41,6.65,3006033.58,6.65
2021-09-28 00:00:00,6.64,6.64,6.46,6.49,1631430.60,6.49
2021-09-29 00:00:00,6.42,6.44,6.24,6.24,1999850.62,6.24
2021-09-30 00:00:00,6.24,6.31,6.23,6.26,1123680.50,6.26
2021-10-08 00:00:00,6.40,6.52,6.36,6.48,2196673.82,6.48
2021-10-11 00:00:00,6.44,6.54,6.39,6.47,1482553.86,6.47
2021-10-12 00:00:00,6.44,6.59,6.40,6.56,1972331.62,6.56
2021-10-13 00:00:00,6.51,6.55,6.45,6.54,1186327.64,6.54
2021-10-14 00:00:00,6.53,6.53,6.39,6.41,1438930.52,6.41
2021-10-15 00:00:00,6.42,6.52,6.38,6.42,1573417.61,6.42
2021-10-18 00:00:00,6.41,6.41,6.27,6.33,1446039.03,6.33
2021-10-19 00:00:00,6.34,6.47,6.31,6.43,1405010.05,6.43
2021-10-20 00:00:00,6.41,6.46,6.35,6.36,944956.27,6.36
2021-10-21 00:00:00,6.31,6.33,6.23,6.24,1752434.57,6.24
2021-10-22 00:00:00,6.23,6.34,6.22,6.27,1239140.87,6.27
2021-10-25 00:00:00,6.29,6.29,6.16,6.22,1382422.51,6.22
2021-10-26 00:00:00,6.21,6.34,6.19,6.30,1864044.84,6.30
2021-10-27 00:00:00,6.32,6.35,6.13,6.15,1826184.85,6.15
2021-10-28 00:00:00,6.15,6.15,5.89,5.98,2182005.67,5.98
2021-10-29 00:00:00,5.98,6.06,5.92,6.06,1432736.83,6.06
2021-11-01 00:00:00,6.03,6.44,6.02,6.37,3639132.74,6.37
2021-11-02 00:00:00,6.35,6.40,6.10,6.13,2701609.72,6.13
2021-11-03 00:00:00,6.13,6.39,6.05,6.24,2139407.93,6.24
2021-11-04 00:00:00,6.27,6.28,6.18,6.25,1407370.10,6.25
2021-11-05 00:00:00,6.21,6.27,6.18,6.19,1181004.87,6.19
2021-11-08 00:00:00,6.19,6.22,6.08,6.18,1091792.37,6.18
2021-11-09 00:00:00,6.18,6.28,6.15,6.23,1068271.07,6.23
2021-11-10 00:00:00,6.22,6.37,6.18,6.32,2052793.37,6.32
2021-11-11 00:00:00,6.31,6.45,6.28,6.43,2219549.67,6.43
2021-11-12 00:00:00,6.43,6.50,6.38,6.39,1486247.56,6.39
2021-11-15 00:00:00,6.39,6.45,6.32,6.42,1326941.67,6.42
2021-11-16 00:00:00,6.41,6.61,6.38,6.52,2309781.57,6.52
2021-11-17 00:00:00,6.50,6.51,6.41,6.42,1638580.88,6.42
2021-11-18 00:00:00,6.40,6.41,6.28,6.30,1584895.21,6.30
2021-11-19 00:00:00,6.28,6.37,6.27,6.36,1101730.35,6.36
2021-11-22 00:00:00,6.37,6.45,6.35,6.43,1656107.68,6.43
2021-11-23 00:00:00,6.43,6.47,6.37,6.40,1260464.06,6.40
2021-11-24 00:00:00,6.40,6.44,6.34,6.40,985941.12,6.40
2021-11-25 00:00:00,6.40,6.40,6.31,6.31,1092499.51,6.31
2021-11-26 00:00:00,6.30,6.30,6.18,6.18,1432517.43,6.18
2021-11-29 00:00:00,6.09,6.15,6.06,6.12,1058596.80,6.12
2021-11-30 00:00:00,6.12,6.19,6.10,6.14,998821.76,6.14
2021-12-01 00:00:00,6.12,6.16,6.10,6.15,913745.04,6.15
2021-12-02 00:00:00,6.14,6.14,6.07,6.09,1250419.84,6.09
2021-12-03 00:00:00,6.12,6.13,6.06,6.11,1025742.57,6.11
2021-12-06 00:00:00,6.11,6.18,6.08,6.10,1227868.92,6.10
2021-12-07 00:00:00,6.12,6.14,6.06,6.10,1026301.51,6.10
2021-12-08 00:00:00,6.11,6.16,6.10,6.16,1214052.13,6.16
2021-12-09 00:00:00,6.18,6.48,6.16,6.48,5471258.43,6.48
2021-12-10 00:00:00,6.44,6.66,6.42,6.50,4753599.63,6.50
2021-12-13 00:00:00,6.47,6.59,6.43,6.53,3060369.96,6.53
2021-12-14 00:00:00,6.53,6.54,6.41,6.41,1740642.53,6.41
2021-12-15 00:00:00,6.41,6.48,6.37,6.41,1479122.48,6.41
2021-12-16 00:00:00,6.43,6.45,6.37,6.41,1239729.65,6.41
2021-12-17 00:00:00,6.39,6.40,6.31,6.31,1438751.68,6.31
2021-12-20 00:00:00,6.28,6.34,6.20,6.21,1349384.11,6.21
2021-12-21 00:00:00,6.20,6.27,6.19,6.24,969926.03,6.24
2021-12-22 00:00:00,6.26,6.29,6.22,6.25,1023926.67,6.25
2021-12-23 00:00:00,6.24,6.26,6.19,6.23,962302.14,6.23
2021-12-24 00:00:00,6.22,6.23,6.13,6.15,1049010.19,6.15
2021-12-27 00:00:00,6.16,6.19,6.14,6.18,769333.16,6.18
2021-12-28 00:00:00,6.19,6.23,6.16,6.20,922778.64,6.20
2021-12-29 00:00:00,6.22,6.22,6.13,6.13,1041126.13,6.13
2021-12-30 00:00:00,6.13,6.24,6.12,6.20,1406784.64,6.20
2021-12-31 00:00:00,6.19,6.22,6.15,6.17,1249480.82,6.17
2022-01-04 00:00:00,6.18,6.26,6.14,6.24,1612641.47,6.24
2022-01-05 00:00:00,6.22,6.35,6.20,6.33,2263628.91,6.33
2022-01-06 00:00:00,6.31,6.32,6.25,6.28,1363834.81,6.28
2022-01-07 00:00:00,6.29,6.44,6.27,6.35,2198170.43,6.35
2022-01-10 00:00:00,6.37,6.47,6.34,6.42,1793379.55,6.42
2022-01-11 00:00:00,6.38,6.41,6.28,6.29,1613704.68,6.29
2022-01-12 00:00:00,6.29,6.34,6.26,6.32,992230.53,6.32
2022-01-13 00:00:00,6.32,6.40,6.26,6.26,1310290.73,6.26
2022-01-14 00:00:00,6.22,6.23,6.15,6.16,1186093.86,6.16
2022-01-17 00:00:00,6.15,6.20,6.14,6.18,704410.15,6.18
2022-01-18 00:00:00,6.17,6.21,6.15,6.19,788469.26,6.19
2022-01-19 00:00:00,6.17,6.20,6.10,6.13,1163172.45,6.13
2022-01-20 00:00:00,6.13,6.16,6.10,6.11,943265.91,6.11
2022-01-21 00:00:00,6.16,6.18,6.07,6.08,1376195.51,6.08
2022-01-24 00:00:00,6.05,6.06,5.97,6.00,1018374.75,6.00
2022-01-25 00:00:00,5.97,5.98,5.76,5.76,1881503.31,5.76
2022-01-26 00:00:00,5.73,5.83,5.71,5.79,1168785.07,5.79
2022-01-27 00:00:00,5.78,5.78,5.55,5.57,1611984.23,5.57
2022-01-28 00:00:00,5.58,5.68,5.52,5.61,1367233.63,5.61
2022-02-07 00:00:00,5.72,5.78,5.66,5.75,1058724.52,5.75
2022-02-08 00:00:00,5.75,5.85,5.70,5.85,1146211.84,5.85
2022-02-09 00:00:00,5.85,5.94,5.83,5.91,946690.49,5.91
2022-02-10 00:00:00,5.90,5.94,5.85,5.92,942992.52,5.92
2022-02-11 00:00:00,5.88,5.92,5.84,5.84,827413.91,5.84
2022-02-14 00:00:00,5.80,5.82,5.74,5.76,829284.46,5.76
2022-02-15 00:00:00,5.72,5.80,5.71,5.74,615101.94,5.74
2022-02-16 00:00:00,5.77,5.86,5.76,5.79,582198.10,5.79
2022-02-17 00:00:00,5.79,5.81,5.68,5.69,1023100.14,5.69
2022-02-18 00:00:00,5.65,5.73,5.63,5.73,721049.09,5.73
2022-02-21 00:00:00,5.70,5.83,5.68,5.82,944972.54,5.82
2022-02-22 00:00:00,5.77,5.78,5.68,5.71,1003804.74,5.71
2022-02-23 00:00:00,5.70,5.83,5.68,5.81,1335131.03,5.81
2022-02-24 00:00:00,5.78,5.80,5.58,5.62,1819009.78,5.62
2022-02-25 00:00:00,5.66,5.71,5.62,5.64,992586.33,5.64
2022-02-28 00:00:00,5.62,5.62,5.50,5.56,1157499.92,5.56
2022-03-01 00:00:00,5.56,5.60,5.53,5.57,757540.56,5.57
2022-03-02 00:00:00,5.54,5.55,5.51,5.54,624905.07,5.54
2022-03-03 00:00:00,5.55,5.57,5.52,5.53,741483.28,5.53
2022-03-04 00:00:00,5.51,5.52,5.38,5.39,1362541.97,5.39
2022-03-07 00:00:00,5.36,5.36,5.16,5.19,1541870.40,5.19
2022-03-08 00:00:00,5.17,5.22,4.98,5.04,1748734.54,5.04
2022-03-09 00:00:00,5.06,5.13,4.75,4.99,2301685.90,4.99
2022-03-10 00:00:00,5.08,5.16,5.05,5.10,1648460.43,5.10
2022-03-11 00:00:00,5.04,5.13,4.95,5.11,1490558.58,5.11
2022-03-14 00:00:00,5.04,5.19,5.02,5.02,1209270.57,5.02
2022-03-15 00:00:00,5.00,5.00,4.69,4.70,1956963.17,4.70
2022-03-16 00:00:00,4.76,4.88,4.60,4.85,1984713.43,4.85
2022-03-17 00:00:00,4.95,4.97,4.84,4.86,1588497.54,4.86
2022-03-18 00:00:00,4.81,4.91,4.80,4.88,1062742.49,4.88
2022-03-21 00:00:00,4.98,5.10,4.95,4.99,2392101.37,4.99
2022-03-22 00:00:00,4.97,5.04,4.93,4.98,1150188.21,4.98
2022-03-23 00:00:00,5.00,5.02,4.95,4.99,1006586.73,4.99
2022-03-24 00:00:00,5.00,5.00,4.92,4.93,839565.54,4.93
2022-03-25 00:00:00,4.93,4.95,4.86,4.87,849492.37,4.87
2022-03-28 00:00:00,4.83,4.95,4.75,4.95,1413939.95,4.95
2022-03-29 00:00:00,4.91,4.95,4.85,4.87,797496.60,4.87
2022-03-30 00:00:00,4.89,4.97,4.87,4.96,1149235.59,4.96
2022-03-31 00:00:00,4.94,4.97,4.91,4.91,799088.65,4.91
2022-04-01 00:00:00,4.86,4.91,4.84,4.89,1219903.97,4.89
2022-04-06 00:00:00,4.87,4.94,4.86,4.93,990267.82,4.93
2022-04-07 00:00:00,4.92,4.92,4.81,4.81,990664.51,4.81
2022-04-08 00:00:00,4.83,4.88,4.74,4.88,1114914.92,4.88
2022-04-11 00:00:00,4.86,4.87,4.71,4.75,1096603.51,4.75
2022-04-12 00:00:00,4.71,4.85,4.69,4.84,1197358.37,4.84
2022-04-13 00:00:00,4.83,4.87,4.76,4.77,946058.14,4.77
2022-04-14 00:00:00,4.79,4.84,4.78,4.80,699974.20,4.80
2022-04-15 00:00:00,4.77,4.81,4.75,4.76,711849.94,4.76
2022-04-18 00:00:00,4.74,4.77,4.69,4.76,625327.25,4.76
2022-04-19 00:00:00,4.73,4.77,4.69,4.71,840256.44,4.71
2022-04-20 00:00:00,4.72,4.76,4.66,4.68,837218.29,4.68
2022-04-21 00:00:00,4.65,4.65,4.43,4.46,1896453.17,4.46
2022-04-22 00:00:00,4.43,4.53,4.32,4.47,1321065.99,4.47
2022-04-25 00:00:00,4.37,4.45,4.14,4.15,1877847.17,4.15
2022-04-26 00:00:00,4.18,4.32,4.13,4.16,1801263.82,4.16
2022-04-27 00:00:00,4.10,4.26,4.03,4.23,1673563.55,4.23
2022-04-28 00:00:00,4.17,4.20,4.05,4.08,1589069.23,4.08
2022-04-29 00:00:00,4.12,4.18,4.07,4.18,1635684.88,4.18
2022-05-05 00:00:00,4.17,4.23,4.14,4.19,1331273.21,4.19
2022-05-06 00:00:00,4.12,4.14,4.09,4.11,1108941.89,4.11
2022-05-09 00:00:00,4.10,4.13,4.06,4.07,958128.63,4.07
2022-05-10 00:00:00,4.02,4.08,3.96,4.05,1746792.77,4.05
2022-05-11 00:00:00,4.06,4.42,4.05,4.31,3828363.45,4.31
2022-05-12 00:00:00,4.27,4.32,4.21,4.25,1584433.61,4.25
2022-05-13 00:00:00,4.28,4.29,4.21,4.25,906016.41,4.25
2022-05-16 00:00:00,4.27,4.28,4.18,4.21,1103716.98,4.21
2022-05-17 00:00:00,4.19,4.24,4.15,4.24,986240.96,4.24
2022-05-18 00:00:00,4.24,4.25,4.20,4.21,756551.78,4.21
2022-05-19 00:00:00,4.15,4.29,4.13,4.29,1451871.64,4.29
2022-05-20 00:00:00,4.30,4.60,4.29,4.46,3265906.80,4.46
2022-05-23 00:00:00,4.44,4.50,4.38,4.47,1702561.94,4.47
2022-05-24 00:00:00,4.47,4.57,4.34,4.34,1584010.12,4.34
2022-05-25 00:00:00,4.36,4.39,4.31,4.35,1014423.63,4.35
2022-05-26 00:00:00,4.37,4.42,4.28,4.40,1234711.66,4.40
2022-05-27 00:00:00,4.41,4.47,4.37,4.41,1086770.65,4.41
2022-05-30 00:00:00,4.43,4.47,4.40,4.45,1054453.64,4.45
2022-05-31 00:00:00,4.46,4.55,4.42,4.54,1655691.48,4.54
2022-06-01 00:00:00,4.54,4.57,4.41,4.47,1345181.39,4.47
2022-06-02 00:00:00,4.35,4.35,4.31,4.34,938360.76,4.34
2022-06-06 00:00:00,4.34,4.42,4.29,4.39,1612390.88,4.39
2022-06-07 00:00:00,4.37,4.40,4.33,4.35,1135786.75,4.35
2022-06-08 00:00:00,4.34,4.36,4.24,4.33,1471022.54,4.33
2022-06-09 00:00:00,4.33,4.33,4.20,4.23,1193130.66,4.23
2022-06-10 00:00:00,4.21,4.30,4.18,4.29,1554924.72,4.29
2022-06-13 00:00:00,4.25,4.28,4.20,4.23,1117793.78,4.23
2022-06-14 00:00:00,4.20,4.27,4.11,4.27,1537866.05,4.27
2022-06-15 00:00:00,4.27,4.70,4.26,4.68,6646768.45,4.68
2022-06-16 00:00:00,4.69,4.73,4.47,4.50,5080452.18,4.50
2022-06-17 00:00:00,4.44,4.50,4.37,4.47,2671848.19,4.47
2022-06-20 00:00:00,4.47,4.51,4.43,4.47,1940549.60,4.47
2022-06-21 00:00:00,4.46,4.53,4.43,4.47,1706997.99,4.47
2022-06-22 00:00:00,4.47,4.48,4.36,4.37,1605674.93,4.37
2022-06-23 00:00:00,4.34,4.44,4.33,4.43,1241823.10,4.43
2022-06-24 00:00:00,4.42,4.49,4.40,4.48,1684530.37,4.48
2022-06-27 00:00:00,4.49,4.57,4.47,4.54,2221113.55,4.54
2022-06-28 00:00:00,4.53,4.84,4.47,4.79,4603584.39,4.79
2022-06-29 00:00:00,4.78,4.84,4.65,4.66,2901061.83,4.66
2022-06-30 00:00:00,4.68,4.88,4.67,4.79,2907107.22,4.79
2022-07-01 00:00:00,4.80,4.89,4.73,4.81,2144732.00,4.81
2022-07-04 00:00:00,4.75,4.78,4.67,4.72,1723645.84,4.72
2022-07-05 00:00:00,4.71,4.73,4.65,4.69,1416844.59,4.69
2022-07-06 00:00:00,4.66,4.73,4.57,4.60,1491643.62,4.60
2022-07-07 00:00:00,4.80,5.04,4.77,4.81,4451889.02,4.81
2022-07-08 00:00:00,4.82,4.90,4.75,4.75,2242919.16,4.75
2022-07-11 00:00:00,4.75,4.77,4.63,4.65,1604652.10,4.65
2022-07-12 00:00:00,4.65,4.72,4.63,4.64,1181002.28,4.64
2022-07-13 00:00:00,4.64,4.64,4.56,4.61,1102920.60,4.61
2022-07-14 00:00:00,4.61,4.68,4.55,4.63,1323096.97,4.63
2022-07-15 00:00:00,4.50,4.51,4.30,4.31,3283946.04,4.31
2022-07-18 00:00:00,4.29,4.37,4.26,4.37,1204323.69,4.37
2022-07-19 00:00:00,4.36,4.40,4.34,4.38,1033784.61,4.38
2022-07-20 00:00:00,4.38,4.42,4.36,4.39,962552.36,4.39
2022-07-21 00:00:00,4.37,4.39,4.33,4.33,1264765.79,4.33
2022-07-22 00:00:00,4.33,4.39,4.31,4.35,1041490.06,4.35
2022-07-25 00:00:00,4.34,4.34,4.26,4.28,832296.68,4.28
2022-07-26 00:00:00,4.27,4.29,4.22,4.28,733610.64,4.28
2022-07-27 00:00:00,4.28,4.29,4.25,4.28,479613.05,4.28
2022-07-28 00:00:00,4.30,4.54,4.29,4.43,2651484.82,4.43
2022-07-29 00:00:00,4.41,4.45,4.40,4.44,1021738.95,4.44
2022-08-01 00:00:00,4.43,4.48,4.38,4.46,887411.35,4.46
2022-08-02 00:00:00,4.42,4.43,4.28,4.35,1739324.18,4.35
2022-08-03 00:00:00,4.35,4.48,4.30,4.31,1168634.15,4.31
2022-08-04 00:00:00,4.34,4.38,4.28,4.33,800272.48,4.33
2022-08-05 00:00:00,4.33,4.48,4.31,4.46,1459186.88,4.46
2022-08-08 00:00:00,4.46,4.51,4.41,4.43,811606.76,4.43
2022-08-09 00:00:00,4.41,4.44,4.39,4.43,721688.70,4.43
2022-08-10 00:00:00,4.42,4.43,4.38,4.39,608625.47,4.39
2022-08-11 00:00:00,4.41,4.50,4.40,4.50,1692628.11,4.50
2022-08-12 00:00:00,4.50,4.54,4.45,4.46,1072399.50,4.46
2022-08-15 00:00:00,4.45,4.53,4.42,4.51,1396691.32,4.51
2022-08-16 00:00:00,4.51,4.52,4.46,4.47,920217.32,4.47
2022-08-17 00:00:00,4.46,4.64,4.46,4.61,2327631.55,4.61
2022-08-18 00:00:00,4.59,4.61,4.54,4.58,1306647.09,4.58
2022-08-19 00:00:00,4.57,4.67,4.53,4.53,1387524.59,4.53
2022-08-22 00:00:00,4.51,4.61,4.46,4.58,1209190.03,4.58
2022-08-23 00:00:00,4.56,4.64,4.53,4.56,1197701.37,4.56
2022-08-24 00:00:00,4.56,4.56,4.40,4.40,1549955.55,4.40
2022-08-25 00:00:00,4.41,4.43,4.31,4.36,1037500.99,4.36
2022-08-26 00:00:00,4.38,4.39,4.31,4.31,884579.45,4.31
2022-08-29 00:00:00,4.25,4.26,4.18,4.24,1354200.14,4.24
2022-08-30 00:00:00,4.21,4.24,4.18,4.20,844996.08,4.20
2022-08-31 00:00:00,4.19,4.22,4.09,4.15,1431252.40,4.15
2022-09-01 00:00:00,4.15,4.17,4.07,4.08,1008793.63,4.08
2022-09-02 00:00:00,4.08,4.11,4.07,4.10,713735.40,4.10
2022-09-05 00:00:00,4.10,4.10,4.03,4.08,693660.59,4.08
2022-09-06 00:00:00,4.07,4.17,4.07,4.16,761886.96,4.16
2022-09-07 00:00:00,4.14,4.15,4.11,4.13,616248.67,4.13
2022-09-08 00:00:00,4.14,4.15,4.11,4.13,562179.46,4.13
2022-09-09 00:00:00,4.13,4.16,4.11,4.16,830837.29,4.16
2022-09-13 00:00:00,4.16,4.18,4.14,4.15,676630.34,4.15
2022-09-14 00:00:00,4.10,4.12,4.08,4.10,688739.16,4.10
2022-09-15 00:00:00,4.10,4.15,4.05,4.08,775784.20,4.08
2022-09-16 00:00:00,4.07,4.08,3.96,3.96,1008275.92,3.96
2022-09-19 00:00:00,3.94,3.95,3.84,3.86,918132.35,3.86
2022-09-20 00:00:00,3.88,3.91,3.84,3.85,520987.52,3.85
2022-09-21 00:00:00,3.85,3.89,3.76,3.87,776142.79,3.87
2022-09-22 00:00:00,3.84,3.86,3.80,3.81,520395.11,3.81
2022-09-23 00:00:00,3.80,3.84,3.75,3.77,666110.65,3.77
2022-09-26 00:00:00,3.73,3.75,3.65,3.65,779012.40,3.65
2022-09-27 00:00:00,3.65,3.76,3.63,3.75,748025.24,3.75
2022-09-28 00:00:00,3.74,3.74,3.67,3.68,536810.73,3.68
2022-09-29 00:00:00,3.71,3.76,3.59,3.61,829369.89,3.61
2022-09-30 00:00:00,3.63,3.68,3.61,3.63,639424.75,3.63
2022-10-10 00:00:00,3.67,3.67,3.60,3.66,824047.78,3.66
2022-10-11 00:00:00,3.63,3.74,3.60,3.71,836453.80,3.71
2022-10-12 00:00:00,3.71,4.08,3.68,4.02,3504499.99,4.02
2022-10-13 00:00:00,3.96,3.99,3.92,3.93,1817423.29,3.93
2022-10-14 00:00:00,3.95,4.14,3.95,4.10,2778793.50,4.10
2022-10-17 00:00:00,4.08,4.42,4.07,4.36,3774697.32,4.36
2022-10-18 00:00:00,4.45,4.46,4.22,4.32,2634986.14,4.32
2022-10-19 00:00:00,4.28,4.35,4.23,4.25,1585624.26,4.25
2022-10-20 00:00:00,4.20,4.32,4.16,4.27,1524168.93,4.27
2022-10-21 00:00:00,4.28,4.34,4.21,4.23,1458965.83,4.23
2022-10-24 00:00:00,4.25,4.30,4.15,4.17,1240497.97,4.17
2022-10-25 00:00:00,4.11,4.17,4.04,4.11,1505350.45,4.11
2022-10-26 00:00:00,4.11,4.27,4.09,4.26,1793344.56,4.26
2022-10-27 00:00:00,4.27,4.33,4.21,4.21,1083834.56,4.21
2022-10-28 00:00:00,4.20,4.23,4.07,4.09,1128639.65,4.09
2022-10-31 00:00:00,4.04,4.12,3.87,3.91,2096352.29,3.91
2022-11-01 00:00:00,3.96,4.12,3.94,4.12,1723757.08,4.12
2022-11-02 00:00:00,4.15,4.20,4.08,4.10,1432334.95,4.10
2022-11-03 00:00:00,4.05,4.08,3.98,4.02,1332550.41,4.02
2022-11-04 00:00:00,4.01,4.17,4.01,4.16,1833282.55,4.16
2022-11-07 00:00:00,4.16,4.26,4.14,4.15,1491455.94,4.15
2022-11-08 00:00:00,4.17,4.26,4.06,4.12,1883104.33,4.12
2022-11-09 00:00:00,4.18,4.24,4.12,4.18,1429467.80,4.18
2022-11-10 00:00:00,4.15,4.16,4.06,4.08,1405910.23,4.08
2022-11-11 00:00:00,4.18,4.25,4.13,4.21,2434912.01,4.21
2022-11-14 00:00:00,4.23,4.30,4.18,4.21,1676390.30,4.21
2022-11-15 00:00:00,4.21,4.48,4.17,4.45,4819790.09,4.45
2022-11-16 00:00:00,4.45,4.55,4.43,4.51,4169649.51,4.51
2022-11-17 00:00:00,4.49,4.53,4.35,4.39,3203732.40,4.39
2022-11-18 00:00:00,4.40,4.44,4.30,4.34,2614616.91,4.34
2022-11-21 00:00:00,4.32,4.34,4.21,4.27,1707673.91,4.27
2022-11-22 00:00:00,4.30,4.38,4.27,4.29,2111227.53,4.29
2022-11-23 00:00:00,4.29,4.30,4.21,4.23,1505913.90,4.23
2022-11-24 00:00:00,4.25,4.27,4.16,4.17,1349121.12,4.17
2022-11-25 00:00:00,4.16,4.20,4.13,4.16,1277801.41,4.16
2022-11-28 00:00:00,4.10,4.11,4.00,4.05,2016313.13,4.05
2022-11-29 00:00:00,4.06,4.15,4.05,4.11,2027989.97,4.11
2022-11-30 00:00:00,4.10,4.11,4.01,4.02,3209259.15,4.02
2022-12-01 00:00:00,4.06,4.09,4.02,4.04,2278043.50,4.04
2022-12-02 00:00:00,4.03,4.04,3.94,3.96,2891941.76,3.96
2022-12-05 00:00:00,3.98,4.04,3.97,4.04,2505377.70,4.04
2022-12-06 00:00:00,4.02,4.04,4.00,4.04,1551382.86,4.04
2022-12-07 00:00:00,4.03,4.03,3.97,3.98,1840166.95,3.98
2022-12-08 00:00:00,3.98,3.99,3.94,3.95,1340785.21,3.95
2022-12-09 00:00:00,3.95,3.98,3.94,3.98,1094756.71,3.98
2022-12-12 00:00:00,3.97,3.98,3.92,3.94,1102884.28,3.94
2022-12-13 00:00:00,3.93,3.94,3.90,3.91,1132513.15,3.91
2022-12-14 00:00:00,3.92,3.94,3.89,3.90,837293.54,3.90
2022-12-15 00:00:00,3.89,3.94,3.88,3.91,691042.89,3.91
2022-12-16 00:00:00,3.89,3.94,3.88,3.93,839137.28,3.93
2022-12-19 00:00:00,3.93,3.94,3.81,3.82,1355655.72,3.82
2022-12-20 00:00:00,3.81,3.85,3.78,3.85,758280.69,3.85
2022-12-21 00:00:00,3.84,3.84,3.73,3.75,1383514.58,3.75
2022-12-22 00:00:00,3.75,3.77,3.68,3.70,1109047.27,3.70
2022-12-23 00:00:00,3.68,3.79,3.67,3.73,995268.69,3.73
2022-12-26 00:00:00,3.72,3.76,3.72,3.75,533547.21,3.75
2022-12-27 00:00:00,3.76,3.77,3.73,3.75,514072.58,3.75
2022-12-28 00:00:00,3.75,3.76,3.71,3.73,690095.26,3.73
2022-12-29 00:00:00,3.72,3.73,3.68,3.70,839641.79,3.70
2022-12-30 00:00:00,3.71,3.73,3.69,3.72,746469.94,3.72
