Date Time,Open,High,Low,Close,Volume,Adj Close
2013-04-26 00:00:00,7.68,8.75,7.15,7.21,498867.03,7.21
2013-05-02 00:00:00,7.51,7.86,6.60,6.84,305039.69,6.84
2013-05-03 00:00:00,6.76,7.40,6.67,7.12,241696.36,7.12
2013-05-06 00:00:00,7.01,7.17,6.92,7.07,191839.75,7.07
2013-05-07 00:00:00,6.95,7.01,6.75,6.82,180557.64,6.82
2013-05-08 00:00:00,6.76,7.06,6.67,6.75,174043.82,6.75
2013-05-09 00:00:00,6.79,6.86,6.46,6.57,173702.52,6.57
2013-05-10 00:00:00,6.51,6.57,6.29,6.40,130097.32,6.40
2013-05-13 00:00:00,6.40,6.50,6.29,6.40,94725.82,6.40
2013-05-14 00:00:00,6.43,6.60,6.31,6.44,149595.33,6.44
2013-05-15 00:00:00,6.34,6.41,6.18,6.32,116157.29,6.32
2013-05-16 00:00:00,6.25,6.78,6.19,6.51,193802.50,6.51
2013-05-17 00:00:00,6.45,6.62,6.40,6.49,134220.02,6.49
2013-05-20 00:00:00,6.50,6.56,6.39,6.49,107952.35,6.49
2013-05-21 00:00:00,6.51,6.74,6.48,6.60,144258.39,6.60
2013-05-22 00:00:00,6.58,7.26,6.52,7.00,277115.39,7.00
2013-05-23 00:00:00,6.80,6.90,6.63,6.66,143171.60,6.66
2013-05-24 00:00:00,6.62,6.75,6.51,6.71,106065.63,6.71
2013-05-27 00:00:00,6.65,6.74,6.53,6.73,87179.13,6.73
2013-05-28 00:00:00,6.71,7.22,6.63,6.92,163457.12,6.92
2013-05-29 00:00:00,6.87,6.96,6.70,6.90,114913.64,6.90
2013-05-30 00:00:00,6.83,6.93,6.74,6.76,65923.71,6.76
2013-05-31 00:00:00,6.76,6.97,6.62,6.64,74145.60,6.64
2013-06-03 00:00:00,6.60,6.83,6.60,6.71,68014.22,6.71
2013-06-04 00:00:00,6.66,6.78,6.51,6.54,63870.99,6.54
2013-06-05 00:00:00,6.50,6.59,6.43,6.54,49993.25,6.54
2013-06-06 00:00:00,6.57,6.62,6.45,6.46,53354.61,6.46
2013-06-07 00:00:00,6.48,6.71,6.48,6.54,69190.46,6.54
2013-06-13 00:00:00,6.48,6.48,5.93,6.06,67292.22,6.06
2013-06-14 00:00:00,6.07,6.15,6.01,6.09,36644.10,6.09
2013-06-17 00:00:00,6.11,6.12,5.90,5.90,45871.71,5.90
2013-06-18 00:00:00,5.90,6.01,5.90,5.93,44705.39,5.93
2013-06-19 00:00:00,5.93,5.94,5.66,5.89,59524.55,5.89
2013-06-20 00:00:00,5.83,5.92,5.66,5.70,43854.93,5.70
2013-06-21 00:00:00,5.60,5.65,5.41,5.55,42192.30,5.55
2013-06-24 00:00:00,5.51,5.54,5.06,5.10,62993.06,5.10
2013-06-25 00:00:00,5.00,5.03,4.59,4.93,67357.73,4.93
2013-06-26 00:00:00,4.93,5.03,4.82,5.00,50396.62,5.00
2013-06-27 00:00:00,5.09,5.45,5.04,5.05,99708.42,5.05
2013-06-28 00:00:00,4.95,5.18,4.71,4.99,61158.81,4.99
2013-07-01 00:00:00,5.00,5.13,4.90,5.10,46690.11,5.10
2013-07-02 00:00:00,5.15,5.42,5.06,5.37,99202.87,5.37
2013-07-03 00:00:00,5.29,5.50,5.26,5.46,112149.02,5.46
2013-07-04 00:00:00,5.41,5.61,5.30,5.41,87961.08,5.41
2013-07-05 00:00:00,5.42,5.58,5.37,5.40,60437.44,5.40
2013-07-08 00:00:00,5.29,5.31,4.94,4.95,65052.35,4.95
2013-07-09 00:00:00,4.93,5.09,4.93,5.02,32490.88,5.02
2013-07-10 00:00:00,5.00,5.17,4.98,5.16,45087.76,5.16
2013-07-11 00:00:00,5.16,5.68,5.16,5.68,165318.71,5.68
2013-07-12 00:00:00,5.75,5.83,5.60,5.68,175551.28,5.68
2013-07-15 00:00:00,5.42,5.57,5.38,5.55,164539.69,5.55
2013-07-16 00:00:00,5.49,5.54,5.33,5.52,110743.60,5.52
2013-07-17 00:00:00,5.52,5.60,5.37,5.38,89044.28,5.38
2013-07-18 00:00:00,5.32,5.36,5.14,5.18,68225.46,5.18
2013-07-19 00:00:00,5.17,5.22,4.96,4.96,61608.80,4.96
2013-07-22 00:00:00,5.08,5.22,5.05,5.17,76377.32,5.17
2013-07-23 00:00:00,5.10,5.35,5.06,5.28,89739.39,5.28
2013-07-24 00:00:00,5.26,5.26,5.06,5.16,67859.36,5.16
2013-07-25 00:00:00,5.20,5.29,5.12,5.13,59602.91,5.13
2013-07-26 00:00:00,5.07,5.18,4.98,5.05,70634.60,5.05
2013-07-29 00:00:00,4.99,5.00,4.89,4.92,53150.19,4.92
2013-07-30 00:00:00,4.87,4.96,4.76,4.90,38514.39,4.90
2013-07-31 00:00:00,4.95,5.03,4.89,4.91,24433.03,4.91
2013-08-01 00:00:00,5.00,5.18,4.95,5.18,69884.43,5.18
2013-08-02 00:00:00,5.16,5.22,5.10,5.15,42262.34,5.15
2013-08-05 00:00:00,5.10,5.16,5.07,5.15,37606.38,5.15
2013-08-06 00:00:00,5.13,5.20,5.08,5.20,44310.47,5.20
2013-08-07 00:00:00,5.20,5.34,5.15,5.18,48138.94,5.18
2013-08-08 00:00:00,5.12,5.25,5.04,5.21,44165.63,5.21
2013-08-09 00:00:00,5.21,5.34,5.10,5.29,62268.26,5.29
2013-08-12 00:00:00,5.34,5.67,5.25,5.51,99547.08,5.51
2013-08-13 00:00:00,5.55,6.06,5.55,6.06,296584.72,6.06
2013-08-14 00:00:00,6.01,6.12,5.80,5.99,285718.26,5.99
2013-08-15 00:00:00,5.85,5.96,5.73,5.75,134771.73,5.75
2013-08-16 00:00:00,5.63,5.86,5.45,5.48,104834.86,5.48
2013-08-19 00:00:00,5.41,5.63,5.36,5.59,76310.98,5.59
2013-08-20 00:00:00,5.59,5.84,5.46,5.84,139091.96,5.84
2013-08-21 00:00:00,6.00,6.32,6.00,6.02,266461.71,6.02
2013-08-22 00:00:00,5.85,5.92,5.73,5.74,124595.03,5.74
2013-08-23 00:00:00,5.74,5.85,5.51,5.83,103455.68,5.83
2013-08-26 00:00:00,5.78,5.87,5.73,5.86,83458.25,5.86
2013-08-27 00:00:00,5.88,5.89,5.76,5.76,74503.02,5.76
2013-08-28 00:00:00,5.73,5.73,5.52,5.52,85361.15,5.52
2013-08-29 00:00:00,5.53,5.62,5.51,5.57,51331.37,5.57
2013-08-30 00:00:00,5.55,5.61,5.40,5.45,71845.00,5.45
2013-09-02 00:00:00,5.44,5.49,5.28,5.47,52790.27,5.47
2013-09-03 00:00:00,5.50,5.62,5.45,5.61,55371.29,5.61
2013-09-04 00:00:00,5.61,5.69,5.52,5.66,59964.85,5.66
2013-09-05 00:00:00,5.62,5.65,5.47,5.49,51207.28,5.49
2013-09-06 00:00:00,5.45,5.53,5.41,5.48,40345.87,5.48
2013-09-09 00:00:00,5.54,5.78,5.48,5.72,109156.80,5.72
2013-09-10 00:00:00,5.70,5.74,5.61,5.72,81734.62,5.72
2013-09-11 00:00:00,5.73,6.19,5.69,5.90,193508.35,5.90
2013-09-12 00:00:00,5.78,5.99,5.58,5.80,145058.61,5.80
2013-09-13 00:00:00,5.75,5.80,5.61,5.63,78474.30,5.63
2013-09-16 00:00:00,5.59,5.66,5.50,5.54,51514.68,5.54
2013-09-17 00:00:00,5.51,5.66,5.51,5.53,49134.64,5.53
2013-09-18 00:00:00,5.50,5.64,5.45,5.62,40609.87,5.62
2013-09-23 00:00:00,5.59,5.66,5.53,5.62,46168.90,5.62
2013-09-24 00:00:00,5.61,5.61,5.46,5.49,52014.84,5.49
2013-09-25 00:00:00,5.50,5.51,5.37,5.39,50806.36,5.39
2013-09-26 00:00:00,5.41,5.44,5.29,5.32,37086.02,5.32
2013-09-27 00:00:00,5.32,5.41,5.29,5.39,26244.93,5.39
2013-09-30 00:00:00,5.41,5.44,5.36,5.42,18212.82,5.42
2013-10-08 00:00:00,5.37,5.47,5.36,5.44,26926.71,5.44
2013-10-09 00:00:00,5.40,5.46,5.38,5.44,29916.03,5.44
2013-10-10 00:00:00,5.44,5.47,5.35,5.37,26934.31,5.37
2013-10-11 00:00:00,5.37,5.48,5.37,5.46,39340.15,5.46
2013-10-14 00:00:00,5.48,5.52,5.44,5.48,44045.99,5.48
2013-10-15 00:00:00,5.50,5.54,5.43,5.49,32493.76,5.49
2013-10-16 00:00:00,5.49,5.71,5.44,5.56,110965.52,5.56
2013-10-17 00:00:00,5.54,5.66,5.43,5.43,63911.79,5.43
2013-10-18 00:00:00,5.39,5.43,5.17,5.22,67597.10,5.22
2013-10-21 00:00:00,5.23,5.29,5.15,5.29,39723.73,5.29
2013-10-22 00:00:00,5.30,5.30,5.20,5.23,39229.69,5.23
2013-10-23 00:00:00,5.22,5.28,5.11,5.15,38661.68,5.15
2013-10-24 00:00:00,5.15,5.18,5.11,5.13,18608.80,5.13
2013-10-25 00:00:00,5.12,5.15,4.98,5.00,27191.85,5.00
2013-10-28 00:00:00,5.04,5.07,4.89,4.91,21749.77,4.91
2013-10-29 00:00:00,4.96,5.09,4.71,4.95,61488.62,4.95
2013-10-30 00:00:00,4.95,5.06,4.90,4.99,27587.49,4.99
2013-10-31 00:00:00,5.00,5.19,4.98,5.06,41626.52,5.06
2013-11-01 00:00:00,5.02,5.05,4.78,4.97,21319.25,4.97
2013-11-04 00:00:00,4.98,5.07,4.96,5.05,23718.87,5.05
2013-11-05 00:00:00,5.04,5.06,4.94,5.04,21730.23,5.04
2013-11-06 00:00:00,5.05,5.07,4.95,4.96,21702.29,4.96
2013-11-07 00:00:00,4.96,4.96,4.81,4.83,20344.29,4.83
2013-11-08 00:00:00,4.82,4.82,4.73,4.74,16306.56,4.74
2013-11-11 00:00:00,4.74,4.81,4.71,4.80,13227.49,4.80
2013-11-12 00:00:00,4.77,4.86,4.76,4.83,19810.71,4.83
2013-11-13 00:00:00,4.80,4.80,4.71,4.72,18714.70,4.72
2013-11-14 00:00:00,4.72,4.78,4.68,4.77,13987.00,4.77
2013-11-15 00:00:00,4.78,4.90,4.77,4.84,30678.30,4.84
2013-11-18 00:00:00,4.89,4.96,4.86,4.94,31929.47,4.94
2013-11-19 00:00:00,4.94,5.01,4.90,4.96,30001.32,4.96
2013-11-20 00:00:00,4.97,5.00,4.91,4.97,21517.71,4.97
2013-11-21 00:00:00,4.98,5.03,4.89,4.99,38397.28,4.99
2013-11-22 00:00:00,4.98,4.99,4.91,4.92,19139.99,4.92
2013-11-25 00:00:00,4.89,5.27,4.88,5.17,93121.89,5.17
2013-11-26 00:00:00,5.10,5.20,5.08,5.15,79063.66,5.15
2013-11-27 00:00:00,5.10,5.20,5.10,5.13,67776.29,5.13
2013-11-28 00:00:00,5.13,5.28,5.12,5.17,95341.42,5.17
2013-11-29 00:00:00,5.18,5.19,5.10,5.11,45206.91,5.11
2013-12-02 00:00:00,5.01,5.13,4.88,4.94,56880.81,4.94
2013-12-03 00:00:00,4.91,5.13,4.90,5.11,42482.59,5.11
2013-12-04 00:00:00,5.15,5.24,5.10,5.14,57250.62,5.14
2013-12-05 00:00:00,5.11,5.15,5.07,5.11,28812.02,5.11
2013-12-06 00:00:00,5.11,5.33,5.08,5.31,69588.54,5.31
2013-12-09 00:00:00,5.25,5.37,5.22,5.27,57201.53,5.27
2013-12-10 00:00:00,5.26,5.30,5.16,5.20,47583.71,5.20
2013-12-11 00:00:00,5.15,5.19,5.03,5.08,46779.00,5.08
2013-12-12 00:00:00,5.10,5.11,5.04,5.06,21968.35,5.06
2013-12-13 00:00:00,5.01,5.10,5.01,5.08,17562.82,5.08
2013-12-16 00:00:00,5.14,5.15,5.01,5.01,25185.06,5.01
2013-12-17 00:00:00,5.03,5.06,4.96,5.02,15696.13,5.02
2013-12-18 00:00:00,5.05,5.07,5.01,5.05,15026.32,5.05
2013-12-19 00:00:00,5.07,5.10,4.96,4.97,14795.00,4.97
2013-12-20 00:00:00,4.95,5.00,4.81,4.87,18552.45,4.87
2013-12-23 00:00:00,4.88,4.90,4.77,4.80,12223.68,4.80
2013-12-24 00:00:00,4.84,4.86,4.76,4.82,13407.16,4.82
2013-12-25 00:00:00,4.81,4.85,4.78,4.82,10782.22,4.82
2013-12-26 00:00:00,4.85,4.85,4.65,4.65,19057.69,4.65
2013-12-27 00:00:00,4.66,4.74,4.66,4.72,12281.73,4.72
2013-12-30 00:00:00,4.77,4.77,4.66,4.67,15124.36,4.67
2013-12-31 00:00:00,4.67,4.75,4.65,4.73,11727.22,4.73
2014-01-02 00:00:00,4.71,4.79,4.70,4.78,12883.30,4.78
2014-01-03 00:00:00,4.75,4.78,4.69,4.72,11564.07,4.72
2014-01-06 00:00:00,4.72,4.72,4.51,4.55,18245.91,4.55
2014-01-07 00:00:00,4.56,4.57,4.48,4.56,11062.39,4.56
2014-01-08 00:00:00,4.57,4.59,4.49,4.51,11427.02,4.51
2014-01-09 00:00:00,4.51,4.58,4.41,4.45,13372.85,4.45
2014-01-10 00:00:00,4.47,4.51,4.41,4.44,8621.86,4.44
2014-01-13 00:00:00,4.44,4.49,4.41,4.43,5840.74,4.43
2014-01-14 00:00:00,4.43,4.54,4.39,4.53,11205.00,4.53
2014-01-15 00:00:00,4.51,4.55,4.44,4.52,11231.62,4.52
2014-01-16 00:00:00,4.50,4.58,4.49,4.53,9351.44,4.53
2014-01-17 00:00:00,4.50,4.54,4.39,4.42,10447.04,4.42
2014-01-20 00:00:00,4.40,4.45,4.38,4.40,6930.19,4.40
2014-01-21 00:00:00,4.50,4.84,4.50,4.84,69927.62,4.84
2014-01-22 00:00:00,4.84,5.02,4.80,4.92,81702.47,4.92
2014-01-23 00:00:00,4.85,5.01,4.83,4.88,35076.89,4.88
2014-01-24 00:00:00,4.82,4.95,4.82,4.87,37657.18,4.87
2014-01-27 00:00:00,4.89,4.89,4.74,4.76,27736.88,4.76
2014-01-28 00:00:00,4.75,4.80,4.70,4.78,17163.37,4.78
2014-01-29 00:00:00,4.78,4.82,4.74,4.77,13982.32,4.77
2014-01-30 00:00:00,4.76,4.81,4.73,4.75,7642.32,4.75
2014-02-07 00:00:00,4.80,4.87,4.75,4.86,16168.67,4.86
2014-02-10 00:00:00,4.85,5.11,4.85,5.02,37275.75,5.02
2014-02-11 00:00:00,5.02,5.02,4.92,4.94,31333.50,4.94
2014-02-12 00:00:00,4.92,4.99,4.92,4.97,25633.16,4.97
2014-02-13 00:00:00,4.95,5.02,4.90,4.90,20800.28,4.90
2014-02-14 00:00:00,4.90,4.99,4.88,4.98,22856.05,4.98
2014-02-17 00:00:00,5.01,5.02,4.95,4.99,23312.65,4.99
2014-02-18 00:00:00,4.99,4.99,4.90,4.92,27212.59,4.92
2014-02-19 00:00:00,4.92,5.20,4.90,5.11,70481.02,5.11
2014-02-20 00:00:00,5.01,5.09,4.97,4.97,46247.14,4.97
2014-02-21 00:00:00,4.97,4.99,4.91,4.94,20376.62,4.94
2014-02-24 00:00:00,4.94,4.94,4.76,4.76,27372.60,4.76
2014-02-25 00:00:00,4.78,4.80,4.51,4.53,27053.76,4.53
2014-02-26 00:00:00,4.55,4.59,4.50,4.58,17153.40,4.58
2014-02-27 00:00:00,4.60,4.68,4.57,4.57,19573.25,4.57
2014-02-28 00:00:00,4.55,4.67,4.54,4.67,10522.30,4.67
2014-03-03 00:00:00,4.67,4.73,4.60,4.69,21039.98,4.69
2014-03-04 00:00:00,4.65,4.72,4.64,4.72,14374.01,4.72
2014-03-05 00:00:00,4.72,4.79,4.67,4.70,10116.29,4.70
2014-03-06 00:00:00,4.75,4.78,4.60,4.72,18156.84,4.72
2014-03-07 00:00:00,4.69,4.72,4.65,4.67,11511.19,4.67
2014-03-10 00:00:00,4.66,4.66,4.56,4.60,17422.27,4.60
2014-03-11 00:00:00,4.62,4.75,4.55,4.69,16414.04,4.69
2014-03-12 00:00:00,4.69,4.71,4.60,4.66,10922.84,4.66
2014-03-13 00:00:00,4.69,4.70,4.64,4.70,11447.48,4.70
2014-03-14 00:00:00,4.70,4.77,4.66,4.75,29415.94,4.75
2014-03-17 00:00:00,4.90,5.17,4.83,4.92,63627.17,4.92
2014-03-18 00:00:00,4.86,4.92,4.76,4.87,34101.02,4.87
2014-03-19 00:00:00,4.87,5.02,4.81,4.98,46113.04,4.98
2014-03-20 00:00:00,4.94,4.98,4.76,4.80,26590.01,4.80
2014-03-21 00:00:00,4.79,4.93,4.74,4.91,23332.05,4.91
2014-03-24 00:00:00,4.90,4.97,4.86,4.92,25654.76,4.92
2014-03-25 00:00:00,4.98,5.01,4.90,4.92,24763.36,4.92
2014-03-26 00:00:00,4.93,4.95,4.84,4.90,19167.51,4.90
2014-03-27 00:00:00,4.94,4.94,4.84,4.84,16575.48,4.84
2014-03-28 00:00:00,4.82,4.86,4.77,4.79,16515.77,4.79
2014-03-31 00:00:00,4.80,4.91,4.78,4.86,22862.77,4.86
2014-04-01 00:00:00,4.87,4.87,4.75,4.81,18974.53,4.81
2014-04-02 00:00:00,4.81,4.98,4.80,4.94,43591.26,4.94
2014-04-03 00:00:00,5.02,5.17,4.94,4.95,60003.76,4.95
2014-04-04 00:00:00,4.90,4.99,4.90,4.97,29324.59,4.97
2014-04-08 00:00:00,4.92,5.01,4.92,5.00,30561.28,5.00
2014-04-09 00:00:00,5.00,5.09,5.00,5.07,43807.85,5.07
2014-04-10 00:00:00,5.10,5.17,5.03,5.10,74352.13,5.10
2014-04-11 00:00:00,5.07,5.08,4.98,5.01,41964.07,5.01
2014-04-14 00:00:00,5.01,5.19,4.93,5.15,67597.30,5.15
2014-04-15 00:00:00,5.15,5.15,5.03,5.07,35093.66,5.07
2014-04-16 00:00:00,5.08,5.22,5.04,5.21,73381.69,5.21
2014-04-17 00:00:00,5.25,5.25,5.14,5.14,40994.95,5.14
2014-04-18 00:00:00,5.13,5.19,5.12,5.16,23838.87,5.16
2014-04-21 00:00:00,5.16,5.17,4.99,5.00,35912.40,5.00
2014-04-22 00:00:00,4.95,5.05,4.93,5.05,36805.57,5.05
2014-04-23 00:00:00,5.13,5.14,5.07,5.14,33374.90,5.14
2014-04-24 00:00:00,5.15,5.15,5.05,5.10,30379.61,5.10
2014-04-25 00:00:00,5.09,5.13,4.92,4.93,31056.88,4.93
2014-04-28 00:00:00,4.88,4.93,4.74,4.76,24338.11,4.76
2014-04-29 00:00:00,4.75,4.85,4.75,4.84,16594.98,4.84
2014-04-30 00:00:00,4.84,4.92,4.83,4.88,17653.66,4.88
2014-05-05 00:00:00,4.86,4.95,4.81,4.94,16474.76,4.94
2014-05-06 00:00:00,4.93,4.98,4.88,4.91,20489.67,4.91
2014-05-07 00:00:00,4.90,4.94,4.84,4.85,17183.04,4.85
2014-05-08 00:00:00,4.89,4.94,4.82,4.86,18900.00,4.86
2014-05-09 00:00:00,4.86,4.90,4.84,4.87,12721.41,4.87
2014-05-12 00:00:00,4.95,4.99,4.89,4.95,22081.10,4.95
2014-05-13 00:00:00,4.93,5.00,4.93,4.98,22705.70,4.98
2014-05-14 00:00:00,4.95,5.01,4.94,4.94,15922.55,4.94
2014-05-15 00:00:00,4.91,4.94,4.82,4.84,16410.57,4.84
2014-05-16 00:00:00,4.87,4.87,4.79,4.85,13577.52,4.85
2014-05-19 00:00:00,4.85,4.87,4.75,4.81,10731.19,4.81
2014-05-20 00:00:00,4.79,4.87,4.79,4.82,7561.60,4.82
2014-05-21 00:00:00,4.85,4.87,4.77,4.87,9289.43,4.87
2014-05-22 00:00:00,4.87,4.90,4.79,4.81,15882.00,4.81
2014-05-23 00:00:00,4.85,5.01,4.79,4.96,45615.49,4.96
2014-05-26 00:00:00,4.95,5.11,4.91,5.03,43551.25,5.03
2014-05-27 00:00:00,5.03,5.25,4.99,5.20,125835.20,5.20
2014-05-28 00:00:00,5.12,5.21,5.09,5.15,41825.04,5.15
2014-05-29 00:00:00,5.16,5.16,5.07,5.08,24486.36,5.08
2014-05-30 00:00:00,5.08,5.11,5.01,5.06,17207.31,5.06
2014-06-03 00:00:00,5.05,5.15,5.05,5.09,16501.20,5.09
2014-06-04 00:00:00,5.08,5.11,5.05,5.06,16465.13,5.06
2014-06-05 00:00:00,5.07,5.09,5.05,5.09,23882.11,5.09
2014-06-06 00:00:00,5.08,5.17,5.06,5.10,26629.91,5.10
2014-06-09 00:00:00,5.11,5.17,5.06,5.12,25831.34,5.12
2014-06-10 00:00:00,5.12,5.21,5.09,5.17,51639.02,5.17
2014-06-11 00:00:00,5.16,5.19,5.11,5.16,19324.86,5.16
2014-06-12 00:00:00,5.13,5.18,5.07,5.09,20740.70,5.09
2014-06-13 00:00:00,5.09,5.13,5.06,5.09,15275.44,5.09
2014-06-16 00:00:00,5.11,5.12,5.08,5.09,16777.06,5.09
2014-06-17 00:00:00,5.11,5.14,5.08,5.11,15769.02,5.11
2014-06-18 00:00:00,5.11,5.14,5.08,5.13,16032.69,5.13
2014-06-19 00:00:00,5.13,5.15,4.92,4.96,21942.69,4.96
2014-06-20 00:00:00,4.93,5.03,4.93,5.01,10654.72,5.01
2014-06-23 00:00:00,5.02,5.08,5.02,5.04,8637.19,5.04
2014-06-24 00:00:00,5.05,5.10,5.02,5.06,8929.94,5.06
2014-06-25 00:00:00,5.08,5.10,5.05,5.05,11352.19,5.05
2014-06-26 00:00:00,5.07,5.12,5.06,5.10,18012.79,5.10
2014-06-27 00:00:00,5.12,5.16,5.07,5.12,18760.13,5.12
2014-06-30 00:00:00,5.16,5.21,5.12,5.12,32839.43,5.12
2014-07-01 00:00:00,5.13,5.31,5.13,5.25,60907.09,5.25
2014-07-02 00:00:00,5.27,5.34,5.20,5.26,28069.05,5.26
2014-07-03 00:00:00,5.27,5.33,5.25,5.26,38831.22,5.26
2014-07-04 00:00:00,5.27,5.28,5.19,5.20,27017.88,5.20
2014-07-07 00:00:00,5.22,5.28,5.21,5.26,17471.18,5.26
2014-07-08 00:00:00,5.27,5.31,5.20,5.29,26256.93,5.29
2014-07-09 00:00:00,5.29,5.37,5.24,5.25,45401.71,5.25
2014-07-10 00:00:00,5.25,5.47,5.25,5.41,77345.17,5.41
2014-07-11 00:00:00,5.52,5.81,5.50,5.59,159704.80,5.59
2014-07-14 00:00:00,5.52,5.67,5.42,5.63,88505.41,5.63
2014-07-15 00:00:00,5.53,5.65,5.51,5.55,49007.21,5.55
2014-07-16 00:00:00,5.55,5.55,5.40,5.40,49764.07,5.40
2014-07-17 00:00:00,5.42,5.81,5.35,5.67,98757.22,5.67
2014-07-18 00:00:00,5.64,6.15,5.54,5.95,126630.49,5.95
2014-07-21 00:00:00,5.95,6.09,5.80,5.85,90056.25,5.85
2014-07-22 00:00:00,5.88,6.05,5.80,5.93,67265.70,5.93
2014-07-23 00:00:00,5.88,6.08,5.86,5.95,63890.61,5.95
2014-07-24 00:00:00,5.92,5.97,5.78,5.90,51265.83,5.90
2014-07-25 00:00:00,5.85,5.93,5.78,5.88,46832.47,5.88
2014-07-28 00:00:00,5.88,5.95,5.80,5.89,84058.24,5.89
2014-07-29 00:00:00,5.89,6.30,5.85,6.22,126292.45,6.22
2014-07-30 00:00:00,6.15,6.36,6.07,6.19,98707.60,6.19
2014-07-31 00:00:00,6.12,6.32,6.12,6.19,48930.91,6.19
2014-08-01 00:00:00,6.15,6.20,6.00,6.00,65465.19,6.00
2014-08-04 00:00:00,6.03,6.10,5.98,6.06,72296.75,6.06
2014-08-05 00:00:00,6.08,6.60,6.03,6.32,125239.85,6.32
2014-08-06 00:00:00,6.25,6.32,6.19,6.28,55324.32,6.28
2014-08-07 00:00:00,6.28,6.31,6.13,6.14,46273.59,6.14
2014-08-08 00:00:00,6.13,6.25,6.13,6.20,31602.58,6.20
2014-08-11 00:00:00,6.22,6.29,6.20,6.29,40239.46,6.29
2014-08-12 00:00:00,6.27,6.50,6.22,6.35,58517.11,6.35
2014-08-13 00:00:00,6.31,6.35,6.21,6.27,52189.86,6.27
2014-08-14 00:00:00,6.28,6.30,6.18,6.20,40672.56,6.20
2014-08-15 00:00:00,6.20,6.24,6.14,6.20,44351.04,6.20
2014-08-18 00:00:00,6.22,6.25,6.16,6.21,49695.23,6.21
2014-08-19 00:00:00,6.23,6.24,6.04,6.11,88020.92,6.11
2014-08-20 00:00:00,6.11,6.17,6.08,6.14,54620.23,6.14
2014-08-21 00:00:00,6.13,6.14,6.02,6.06,56615.09,6.06
2014-08-22 00:00:00,6.04,6.12,6.03,6.11,40892.00,6.11
2014-08-25 00:00:00,6.11,6.12,6.06,6.08,30782.89,6.08
2014-08-26 00:00:00,6.08,6.15,6.05,6.05,35617.16,6.05
2014-08-27 00:00:00,6.05,6.08,5.85,5.88,46890.25,5.88
2014-08-28 00:00:00,5.88,5.93,5.73,5.81,27446.47,5.81
2014-08-29 00:00:00,5.82,5.92,5.77,5.91,24472.35,5.91
2014-09-01 00:00:00,5.95,6.04,5.93,6.02,29701.85,6.02
2014-09-02 00:00:00,6.03,6.07,5.97,6.04,56888.05,6.04
2014-09-03 00:00:00,6.05,6.12,6.04,6.08,46188.01,6.08
2014-09-04 00:00:00,6.10,6.12,6.05,6.10,36127.79,6.10
2014-09-05 00:00:00,6.11,6.13,6.08,6.11,30788.20,6.11
2014-09-09 00:00:00,6.11,6.16,6.11,6.12,42586.28,6.12
2014-09-10 00:00:00,6.11,6.18,6.07,6.16,55960.29,6.16
2014-09-11 00:00:00,6.16,6.25,6.12,6.17,64211.84,6.17
2014-09-12 00:00:00,6.19,6.45,6.17,6.42,120003.52,6.42
2014-09-15 00:00:00,6.45,6.55,6.34,6.45,82303.93,6.45
2014-09-16 00:00:00,6.50,6.51,6.15,6.18,109437.92,6.18
2014-09-17 00:00:00,6.18,6.29,6.11,6.28,40245.30,6.28
2014-09-18 00:00:00,6.28,6.33,6.21,6.30,32722.61,6.30
2014-09-19 00:00:00,6.28,6.38,6.28,6.37,47886.29,6.37
2014-09-22 00:00:00,6.38,6.42,6.15,6.26,80465.32,6.26
2014-09-23 00:00:00,6.17,6.26,6.15,6.26,53444.09,6.26
2014-09-24 00:00:00,6.24,6.30,6.22,6.30,56076.54,6.30
2014-09-25 00:00:00,6.29,6.35,6.23,6.24,44801.29,6.24
2014-09-26 00:00:00,6.21,6.31,6.18,6.31,47105.14,6.31
2014-09-29 00:00:00,6.33,6.36,6.30,6.36,45215.38,6.36
2014-09-30 00:00:00,6.38,6.54,6.35,6.51,71888.77,6.51
2014-10-08 00:00:00,6.61,6.86,6.61,6.69,114957.86,6.69
2014-10-09 00:00:00,6.67,6.76,6.57,6.73,85360.96,6.73
2014-10-10 00:00:00,6.73,6.91,6.60,6.77,72120.61,6.77
2014-10-13 00:00:00,6.73,7.17,6.70,7.04,89493.29,7.04
2014-10-14 00:00:00,7.11,7.19,6.92,6.95,85659.30,6.95
2014-10-15 00:00:00,7.04,7.18,6.96,7.07,72485.16,7.07
2014-10-16 00:00:00,7.03,7.23,6.94,6.94,63918.11,6.94
2014-10-17 00:00:00,6.90,6.99,6.61,6.78,63881.33,6.78
2014-10-20 00:00:00,6.81,7.09,6.81,7.01,48286.68,7.01
2014-10-21 00:00:00,7.08,7.08,6.89,6.92,37559.42,6.92
2014-10-22 00:00:00,6.92,6.98,6.70,6.71,41920.83,6.71
2014-10-23 00:00:00,6.69,6.76,6.57,6.59,30661.13,6.59
2014-10-24 00:00:00,6.59,6.75,6.59,6.70,29805.82,6.70
2014-10-27 00:00:00,6.69,7.03,6.59,6.82,52658.47,6.82
2014-10-28 00:00:00,6.95,7.25,6.87,7.18,95500.51,7.18
2014-10-29 00:00:00,7.48,7.49,7.12,7.17,112395.98,7.17
2014-10-30 00:00:00,7.18,7.33,7.08,7.20,76804.50,7.20
2014-10-31 00:00:00,7.22,7.25,7.10,7.18,50127.90,7.18
2014-11-03 00:00:00,7.20,7.35,7.20,7.32,72851.57,7.32
2014-11-04 00:00:00,7.31,7.31,7.16,7.18,50358.68,7.18
2014-11-05 00:00:00,7.20,7.29,7.16,7.17,36859.25,7.17
2014-11-06 00:00:00,7.16,7.25,7.11,7.23,38320.43,7.23
2014-11-07 00:00:00,7.23,7.46,7.16,7.17,79877.33,7.17
2014-11-10 00:00:00,7.20,7.58,7.20,7.53,128605.24,7.53
2014-11-11 00:00:00,7.52,7.60,7.26,7.35,94516.12,7.35
2014-11-12 00:00:00,7.38,7.57,7.32,7.57,56260.41,7.57
2014-11-13 00:00:00,7.60,7.74,7.46,7.67,77376.36,7.67
2014-11-14 00:00:00,7.59,7.70,7.46,7.61,53635.57,7.61
2014-11-17 00:00:00,7.66,7.70,7.52,7.57,39406.34,7.57
2014-11-18 00:00:00,7.82,8.17,7.72,7.76,120852.83,7.76
2014-11-19 00:00:00,7.76,7.85,7.57,7.76,57803.31,7.76
2014-11-20 00:00:00,7.66,7.79,7.65,7.66,34121.90,7.66
2014-11-21 00:00:00,7.55,7.74,7.55,7.69,34175.52,7.69
2014-11-24 00:00:00,7.77,7.97,7.71,7.86,66363.18,7.86
2014-11-25 00:00:00,7.83,8.19,7.78,8.13,88882.13,8.13
2014-11-26 00:00:00,8.15,8.19,7.96,8.07,63485.25,8.07
2014-11-27 00:00:00,8.05,8.13,7.97,8.05,47591.33,8.05
2014-11-28 00:00:00,8.09,8.30,8.04,8.29,86127.83,8.29
2014-12-01 00:00:00,8.38,8.54,8.08,8.43,125759.70,8.43
2014-12-02 00:00:00,8.43,8.50,8.30,8.48,55346.67,8.48
2014-12-03 00:00:00,8.50,8.68,8.38,8.49,68407.01,8.49
2014-12-04 00:00:00,8.48,8.66,8.43,8.62,62288.69,8.62
2014-12-05 00:00:00,8.65,8.68,8.00,8.31,75541.19,8.31
2014-12-08 00:00:00,8.28,8.39,8.00,8.21,64831.36,8.21
2014-12-09 00:00:00,8.28,8.64,8.01,8.06,120107.89,8.06
2014-12-10 00:00:00,8.03,8.34,8.02,8.30,57761.38,8.30
2014-12-11 00:00:00,8.31,8.52,8.30,8.51,67221.79,8.51
2014-12-12 00:00:00,8.53,8.95,8.44,8.90,126305.96,8.90
2014-12-15 00:00:00,8.83,9.25,8.58,9.19,94854.20,9.19
2014-12-16 00:00:00,9.14,9.32,9.06,9.18,66582.41,9.18
2014-12-17 00:00:00,9.18,9.31,9.00,9.24,55420.58,9.24
2014-12-18 00:00:00,9.26,9.32,9.05,9.19,61233.10,9.19
2014-12-19 00:00:00,9.20,9.32,9.05,9.26,80464.43,9.26
2014-12-22 00:00:00,9.28,9.30,8.33,8.89,102840.57,8.89
2014-12-23 00:00:00,8.79,9.04,8.60,8.90,39749.83,8.90
2014-12-24 00:00:00,8.89,9.19,8.82,9.12,59961.78,9.12
2014-12-25 00:00:00,9.20,9.80,9.10,9.70,191415.74,9.70
2014-12-26 00:00:00,9.65,9.89,9.41,9.71,105862.41,9.71
2014-12-29 00:00:00,9.79,9.95,9.47,9.64,129288.66,9.64
2014-12-30 00:00:00,9.64,9.84,9.30,9.40,234137.04,9.40
2014-12-31 00:00:00,9.25,9.68,8.48,9.04,206561.63,9.04
2015-01-05 00:00:00,8.94,9.03,8.60,8.98,126028.30,8.98
2015-01-06 00:00:00,8.88,8.89,8.57,8.85,153212.79,8.85
2015-01-07 00:00:00,8.82,8.86,8.62,8.78,96067.47,8.78
2015-01-08 00:00:00,8.78,8.93,8.71,8.82,85929.97,8.82
2015-01-09 00:00:00,8.86,9.21,8.80,8.97,106292.70,8.97
2015-01-12 00:00:00,8.80,8.93,8.38,8.51,83648.02,8.51
2015-01-13 00:00:00,8.41,8.64,8.36,8.40,76534.29,8.40
2015-01-14 00:00:00,8.40,8.41,7.91,7.96,115474.48,7.96
2015-01-15 00:00:00,7.93,8.29,7.93,8.08,58561.14,8.08
2015-01-16 00:00:00,8.08,8.24,7.96,8.16,91119.97,8.16
2015-01-19 00:00:00,8.04,8.04,7.43,7.60,107514.00,7.60
2015-01-20 00:00:00,7.61,7.81,7.61,7.77,73831.88,7.77
2015-01-21 00:00:00,7.88,8.28,7.78,8.18,141866.63,8.18
2015-01-22 00:00:00,8.17,8.17,8.01,8.09,121377.88,8.09
2015-01-23 00:00:00,8.07,8.16,7.90,7.91,137094.92,7.91
2015-01-26 00:00:00,7.96,8.09,7.87,8.09,85001.05,8.09
2015-01-27 00:00:00,8.09,8.25,8.08,8.22,143549.58,8.22
2015-01-28 00:00:00,8.18,8.19,8.08,8.10,91264.96,8.10
2015-01-29 00:00:00,8.07,8.23,8.04,8.16,85108.84,8.16
2015-01-30 00:00:00,8.20,8.26,8.05,8.09,57052.47,8.09
2015-02-02 00:00:00,8.08,8.08,7.84,7.88,59065.22,7.88
2015-02-03 00:00:00,7.92,7.95,7.76,7.90,63814.34,7.90
2015-02-04 00:00:00,7.90,7.92,7.68,7.69,82797.37,7.69
2015-02-05 00:00:00,7.77,7.84,7.58,7.60,77642.63,7.60
2015-02-06 00:00:00,7.68,7.68,7.26,7.32,90707.70,7.32
2015-02-09 00:00:00,7.28,7.34,7.20,7.34,59806.80,7.34
2015-02-10 00:00:00,7.34,7.40,7.32,7.40,31569.26,7.40
2015-02-11 00:00:00,7.44,7.45,7.32,7.38,50191.01,7.38
2015-02-12 00:00:00,7.41,7.53,7.36,7.49,51855.57,7.49
2015-02-13 00:00:00,7.54,7.84,7.50,7.81,106197.76,7.81
2015-02-16 00:00:00,7.81,7.95,7.81,7.86,72274.61,7.86
2015-02-17 00:00:00,7.87,7.92,7.73,7.84,50221.92,7.84
2015-02-25 00:00:00,7.84,7.90,7.81,7.86,50077.78,7.86
2015-02-26 00:00:00,7.85,8.04,7.82,8.01,88390.70,8.01
2015-02-27 00:00:00,8.03,8.07,7.95,8.01,74879.52,8.01
2015-03-02 00:00:00,8.06,8.17,8.02,8.17,90787.12,8.17
2015-03-03 00:00:00,8.15,8.15,7.98,8.00,82995.91,8.00
2015-03-04 00:00:00,8.00,8.04,7.90,8.03,75415.72,8.03
2015-03-05 00:00:00,8.03,8.03,7.93,7.98,49266.79,7.98
2015-03-06 00:00:00,8.00,8.08,7.92,7.99,51107.32,7.99
2015-03-09 00:00:00,7.98,8.04,7.88,8.04,50770.83,8.04
2015-03-10 00:00:00,8.03,8.16,8.00,8.12,82604.29,8.12
2015-03-11 00:00:00,8.14,8.18,8.02,8.06,59726.55,8.06
2015-03-12 00:00:00,8.09,8.09,8.02,8.05,52258.03,8.05
2015-03-13 00:00:00,8.07,8.15,8.03,8.15,66663.86,8.15
2015-03-16 00:00:00,8.19,8.40,8.19,8.37,166022.59,8.37
2015-03-17 00:00:00,8.41,8.80,8.41,8.57,187456.07,8.57
2015-03-18 00:00:00,8.67,8.83,8.57,8.83,183978.82,8.83
2015-03-19 00:00:00,8.86,8.97,8.75,8.90,183360.05,8.90
2015-03-20 00:00:00,9.00,9.15,8.92,8.94,143053.15,8.94
2015-03-23 00:00:00,8.94,9.19,8.94,9.15,137997.47,9.15
2015-03-24 00:00:00,9.15,9.19,8.69,8.99,166860.13,8.99
2015-03-25 00:00:00,8.98,8.99,8.76,8.86,156369.46,8.86
2015-03-26 00:00:00,8.82,8.99,8.76,8.93,120469.36,8.93
2015-03-27 00:00:00,8.95,9.43,8.90,9.29,182995.48,9.29
2015-03-30 00:00:00,9.42,9.92,9.41,9.80,290225.63,9.80
2015-03-31 00:00:00,9.94,10.16,9.63,9.78,238371.97,9.78
2015-04-01 00:00:00,9.70,10.08,9.66,9.89,178792.65,9.89
2015-04-02 00:00:00,9.91,9.99,9.80,9.97,147376.05,9.97
2015-04-03 00:00:00,9.93,10.28,9.81,10.27,194520.92,10.27
2015-04-07 00:00:00,10.30,10.86,10.30,10.38,219602.47,10.38
2015-04-08 00:00:00,10.42,10.68,10.30,10.43,188835.25,10.43
2015-04-09 00:00:00,10.45,10.55,9.87,10.18,193893.46,10.18
2015-04-10 00:00:00,10.08,10.42,10.01,10.40,128865.28,10.40
2015-04-13 00:00:00,10.42,10.67,10.30,10.60,170554.11,10.60
2015-04-14 00:00:00,10.40,10.40,10.12,10.23,244868.90,10.23
2015-04-15 00:00:00,10.20,10.20,9.69,9.70,166163.87,9.70
2015-04-16 00:00:00,9.50,9.80,9.40,9.61,125376.32,9.61
2015-04-17 00:00:00,9.68,10.00,9.65,9.82,180847.43,9.82
2015-04-20 00:00:00,9.80,10.15,9.63,9.85,205555.49,9.85
2015-04-21 00:00:00,10.00,10.08,9.80,10.07,142615.66,10.07
2015-04-22 00:00:00,10.10,10.35,10.10,10.35,192877.23,10.35
2015-04-23 00:00:00,10.46,10.57,10.16,10.30,182509.55,10.30
2015-04-24 00:00:00,10.12,10.12,9.80,9.93,182100.20,9.93
2015-04-27 00:00:00,9.90,10.08,9.84,9.97,148764.20,9.97
2015-04-28 00:00:00,10.00,10.13,9.77,9.82,129899.20,9.82
2015-04-29 00:00:00,9.81,9.87,9.61,9.84,77689.02,9.84
2015-04-30 00:00:00,9.84,9.95,9.76,9.78,96050.79,9.78
2015-05-04 00:00:00,9.78,10.00,9.77,9.95,89901.47,9.95
2015-05-05 00:00:00,9.95,9.98,9.41,9.42,85656.92,9.42
2015-05-06 00:00:00,9.42,9.59,8.91,8.97,76981.28,8.97
2015-05-07 00:00:00,8.99,9.17,8.89,8.90,66951.54,8.90
2015-05-08 00:00:00,9.03,9.20,8.96,9.19,64161.57,9.19
2015-05-11 00:00:00,9.28,9.48,9.23,9.48,80261.85,9.48
2015-05-12 00:00:00,9.51,9.63,9.38,9.44,89340.35,9.44
2015-05-13 00:00:00,9.42,9.53,9.32,9.47,86298.96,9.47
2015-05-14 00:00:00,9.47,9.58,9.36,9.51,79057.21,9.51
2015-05-15 00:00:00,9.50,9.50,9.16,9.30,71072.31,9.30
2015-05-18 00:00:00,9.23,9.98,9.15,9.67,130950.08,9.67
2015-05-19 00:00:00,9.67,10.10,9.57,10.10,213479.43,10.10
2015-05-20 00:00:00,10.16,10.44,9.85,9.96,237736.21,9.96
2015-05-21 00:00:00,10.00,10.15,9.83,10.13,150750.72,10.13
2015-05-22 00:00:00,10.26,10.39,10.17,10.33,206326.60,10.33
2015-05-25 00:00:00,10.37,11.25,10.36,11.01,283240.70,11.01
2015-05-26 00:00:00,11.02,11.48,10.86,11.22,264023.87,11.22
2015-05-27 00:00:00,11.23,11.24,10.84,11.14,192159.30,11.14
2015-05-28 00:00:00,11.10,11.54,10.59,10.60,274141.30,10.60
2015-05-29 00:00:00,10.46,10.79,9.78,10.28,173596.26,10.28
2015-06-01 00:00:00,10.37,11.05,10.23,10.95,154530.77,10.95
2015-06-02 00:00:00,11.07,12.05,11.03,12.05,290781.03,12.05
2015-09-29 00:00:00,10.80,10.80,10.80,10.80,1785.00,10.80
2015-09-30 00:00:00,9.72,9.72,9.72,9.72,1118.00,9.72
2015-10-08 00:00:00,8.75,8.75,8.75,8.75,28344.00,8.75
2015-10-09 00:00:00,7.88,8.17,7.88,7.91,561696.23,7.91
2015-10-12 00:00:00,7.58,8.15,7.55,8.06,400166.36,8.06
2015-10-13 00:00:00,7.95,8.14,7.88,8.04,198588.07,8.04
2015-10-14 00:00:00,8.04,8.12,7.96,8.04,168935.95,8.04
2015-10-15 00:00:00,8.00,8.14,7.96,8.13,212237.91,8.13
2015-10-16 00:00:00,8.10,8.19,7.96,8.05,204685.49,8.05
2015-10-19 00:00:00,8.06,8.62,7.98,8.49,281775.01,8.49
2015-10-20 00:00:00,8.36,8.49,8.00,8.34,237261.94,8.34
2015-10-21 00:00:00,8.32,8.34,7.58,7.60,229886.57,7.60
2015-10-22 00:00:00,7.60,7.84,7.55,7.79,146611.39,7.79
2015-10-23 00:00:00,7.81,7.88,7.65,7.82,169517.96,7.82
2015-10-26 00:00:00,7.94,8.09,7.81,8.01,152119.23,8.01
2015-10-27 00:00:00,7.97,8.07,7.66,8.01,138483.50,8.01
2015-10-28 00:00:00,7.99,8.21,7.92,7.95,174644.10,7.95
2015-10-29 00:00:00,7.98,8.05,7.90,7.96,88009.70,7.96
2015-10-30 00:00:00,7.92,7.99,7.78,7.85,81901.13,7.85
2015-11-02 00:00:00,7.78,7.92,7.71,7.74,68641.32,7.74
2015-11-03 00:00:00,7.76,7.83,7.66,7.66,55730.69,7.66
2015-11-04 00:00:00,7.73,7.95,7.68,7.92,104160.01,7.92
2015-11-05 00:00:00,7.93,8.04,7.89,7.97,134642.60,7.97
2015-11-06 00:00:00,8.00,8.06,7.96,8.04,121012.76,8.04
2015-11-09 00:00:00,8.00,8.58,7.95,8.48,250595.90,8.48
2015-11-10 00:00:00,8.30,9.24,8.21,8.78,262585.21,8.78
2015-11-11 00:00:00,8.63,8.85,8.58,8.63,140266.49,8.63
2015-11-12 00:00:00,8.64,8.83,8.53,8.63,154717.76,8.63
2015-11-13 00:00:00,8.51,8.64,8.25,8.25,114486.24,8.25
2015-11-16 00:00:00,8.08,8.36,8.07,8.34,66959.22,8.34
2015-12-08 00:00:00,8.56,9.17,8.42,9.17,348849.52,9.17
2015-12-09 00:00:00,8.96,9.07,8.65,8.70,211743.34,8.70
2015-12-10 00:00:00,8.65,9.02,8.59,8.59,108434.96,8.59
2015-12-11 00:00:00,8.61,8.75,8.18,8.32,98539.86,8.32
2015-12-14 00:00:00,8.22,8.53,8.21,8.50,80182.32,8.50
2015-12-15 00:00:00,8.52,8.59,8.38,8.41,79483.07,8.41
2015-12-16 00:00:00,8.46,8.70,8.43,8.63,101708.85,8.63
2015-12-17 00:00:00,8.57,8.90,8.57,8.82,116249.04,8.82
2015-12-18 00:00:00,8.83,8.86,8.57,8.61,94537.81,8.61
2015-12-21 00:00:00,8.70,8.88,8.63,8.85,90171.39,8.85
2015-12-22 00:00:00,8.88,9.49,8.83,9.08,148537.68,9.08
2015-12-23 00:00:00,9.03,9.17,8.70,8.75,165173.08,8.75
2015-12-24 00:00:00,8.70,8.79,8.32,8.48,133803.90,8.48
2015-12-25 00:00:00,8.48,8.70,8.48,8.60,84693.42,8.60
2015-12-28 00:00:00,8.70,8.77,8.36,8.38,87083.46,8.38
2015-12-29 00:00:00,8.36,8.45,8.27,8.44,57787.78,8.44
2015-12-30 00:00:00,8.48,8.64,8.43,8.64,67631.13,8.64
2015-12-31 00:00:00,8.61,8.69,8.43,8.50,58137.35,8.50
2016-01-04 00:00:00,8.53,8.54,7.68,7.69,66452.47,7.69
2016-01-05 00:00:00,7.33,7.90,7.33,7.78,94170.60,7.78
2016-01-06 00:00:00,7.70,8.01,7.68,7.95,53331.57,7.95
2016-01-07 00:00:00,7.83,7.83,7.16,7.16,15849.00,7.16
2016-01-08 00:00:00,7.34,7.51,6.66,7.27,55348.38,7.27
2016-01-11 00:00:00,7.15,7.35,6.71,6.76,54000.90,6.76
2016-01-12 00:00:00,6.81,7.07,6.62,6.98,60456.22,6.98
2016-01-13 00:00:00,7.15,7.26,6.89,6.95,38831.92,6.95
2016-01-14 00:00:00,6.80,7.22,6.70,7.18,32360.90,7.18
2016-01-15 00:00:00,7.18,7.26,6.83,6.95,58401.09,6.95
2016-01-18 00:00:00,6.85,7.05,6.80,6.95,33551.17,6.95
2016-01-19 00:00:00,6.95,7.20,6.88,7.16,49498.02,7.16
2016-01-20 00:00:00,7.14,7.33,6.99,7.07,40593.60,7.07
2016-01-21 00:00:00,6.95,7.14,6.80,6.80,38815.93,6.80
2016-01-22 00:00:00,6.90,6.94,6.63,6.80,27517.64,6.80
2016-01-25 00:00:00,6.90,7.00,6.80,6.87,35709.50,6.87
2016-01-26 00:00:00,6.80,6.84,6.18,6.27,64473.27,6.27
2016-01-27 00:00:00,6.25,6.37,5.95,6.18,34453.59,6.18
2016-01-28 00:00:00,6.15,6.18,5.56,5.60,39976.56,5.60
2016-01-29 00:00:00,5.54,5.93,5.50,5.82,47782.25,5.82
2016-02-01 00:00:00,5.90,5.91,5.50,5.77,33825.49,5.77
2016-02-02 00:00:00,5.73,5.95,5.63,5.90,28472.72,5.90
2016-02-03 00:00:00,5.84,5.86,5.65,5.82,28329.94,5.82
2016-02-04 00:00:00,5.84,6.08,5.80,5.95,44993.72,5.95
2016-02-05 00:00:00,5.97,6.00,5.86,5.87,28264.14,5.87
2016-02-15 00:00:00,5.59,5.87,5.52,5.86,21236.92,5.86
2016-02-16 00:00:00,5.86,6.08,5.86,6.06,57830.61,6.06
2016-02-17 00:00:00,6.06,6.16,6.03,6.13,46952.36,6.13
2016-02-18 00:00:00,6.14,6.24,6.13,6.24,47653.09,6.24
2016-02-19 00:00:00,6.27,6.32,6.06,6.32,57775.50,6.32
2016-02-22 00:00:00,6.32,6.55,6.30,6.50,65319.30,6.50
2016-02-23 00:00:00,6.42,6.49,6.33,6.46,36318.88,6.46
2016-02-24 00:00:00,6.46,6.73,6.38,6.54,66924.05,6.54
2016-02-25 00:00:00,6.48,6.53,5.89,5.89,80257.82,5.89
2016-02-26 00:00:00,5.92,6.04,5.70,5.88,64164.41,5.88
2016-02-29 00:00:00,5.88,5.94,5.33,5.47,60202.48,5.47
2016-03-01 00:00:00,5.48,5.63,5.33,5.60,51750.14,5.60
2016-03-02 00:00:00,5.59,6.16,5.55,6.16,124804.38,6.16
2016-03-03 00:00:00,6.30,6.51,6.23,6.25,167682.03,6.25
2016-03-04 00:00:00,6.20,6.72,6.10,6.59,210250.61,6.59
2016-03-07 00:00:00,6.50,6.94,6.35,6.60,173651.15,6.60
2016-03-08 00:00:00,6.60,6.60,6.10,6.44,96046.76,6.44
2016-03-09 00:00:00,6.15,6.26,6.09,6.10,67351.30,6.10
2016-03-10 00:00:00,6.10,6.17,5.81,5.83,60210.00,5.83
2016-03-11 00:00:00,5.80,5.80,5.56,5.66,87461.53,5.66
2016-03-14 00:00:00,5.73,6.08,5.70,5.94,110158.74,5.94
2016-03-15 00:00:00,5.89,6.53,5.80,6.53,141511.04,6.53
2016-03-16 00:00:00,6.56,7.01,6.26,6.68,226667.15,6.68
2016-03-17 00:00:00,6.58,6.97,6.45,6.79,198243.33,6.79
2016-03-18 00:00:00,6.70,7.04,6.64,6.86,214002.48,6.86
2016-03-21 00:00:00,6.96,7.55,6.34,7.55,295249.71,7.55
2016-03-22 00:00:00,7.61,8.20,7.35,8.03,373501.16,8.03
2016-03-23 00:00:00,7.80,7.99,7.39,7.77,248124.76,7.77
2016-03-24 00:00:00,7.60,7.60,7.23,7.34,187015.48,7.34
2016-03-25 00:00:00,7.23,7.52,7.15,7.41,113063.17,7.41
2016-03-28 00:00:00,7.44,7.58,7.28,7.55,142380.02,7.55
2016-03-29 00:00:00,7.65,7.85,7.40,7.68,202112.04,7.68
2016-03-30 00:00:00,7.64,7.68,7.44,7.61,189522.90,7.61
2016-03-31 00:00:00,7.56,7.57,7.25,7.32,199316.08,7.32
2016-04-01 00:00:00,7.20,7.39,7.20,7.24,91348.81,7.24
2016-04-05 00:00:00,7.20,7.34,7.09,7.30,117763.32,7.30
2016-04-06 00:00:00,7.24,7.39,7.16,7.38,147338.84,7.38
2016-04-07 00:00:00,7.33,7.35,7.09,7.09,121183.10,7.09
2016-04-08 00:00:00,6.96,7.12,6.86,7.01,85986.19,7.01
2016-04-11 00:00:00,7.09,7.23,7.00,7.09,84996.92,7.09
2016-04-12 00:00:00,7.11,7.13,6.79,7.07,125549.05,7.07
2016-04-13 00:00:00,7.05,7.23,7.03,7.09,140366.95,7.09
2016-04-14 00:00:00,7.15,7.20,7.09,7.16,87037.11,7.16
2016-04-15 00:00:00,7.14,7.20,7.00,7.05,116775.92,7.05
2016-04-18 00:00:00,7.01,7.02,6.81,6.82,81949.47,6.82
2016-04-19 00:00:00,6.85,6.95,6.73,6.89,77270.17,6.89
2016-04-20 00:00:00,6.88,6.92,6.20,6.39,116692.25,6.39
2016-04-21 00:00:00,6.36,6.45,6.25,6.26,56751.49,6.26
2016-04-22 00:00:00,6.26,6.43,6.24,6.33,43902.83,6.33
2016-04-25 00:00:00,6.33,6.38,6.26,6.34,50286.73,6.34
2016-04-26 00:00:00,6.35,6.49,6.32,6.49,51090.12,6.49
2016-04-27 00:00:00,6.48,6.66,6.41,6.65,77430.12,6.65
2016-04-28 00:00:00,6.60,6.63,6.37,6.49,63278.49,6.49
2016-04-29 00:00:00,6.45,6.56,6.42,6.46,31318.66,6.46
2016-05-03 00:00:00,6.46,6.63,6.41,6.61,58811.76,6.61
2016-05-04 00:00:00,6.58,6.84,6.56,6.68,76434.36,6.68
2016-05-05 00:00:00,6.61,6.71,6.60,6.68,48059.11,6.68
2016-05-06 00:00:00,6.53,6.67,6.22,6.22,75605.00,6.22
2016-05-09 00:00:00,6.13,6.13,5.60,5.77,73403.27,5.77
2016-05-10 00:00:00,5.79,5.84,5.69,5.76,36224.70,5.76
2016-05-11 00:00:00,5.79,5.80,5.65,5.70,34352.37,5.70
2016-05-12 00:00:00,5.58,5.59,5.40,5.56,38144.21,5.56
2016-05-13 00:00:00,5.58,5.65,5.45,5.51,23315.57,5.51
2016-05-16 00:00:00,5.53,5.71,5.38,5.67,48707.25,5.67
2016-05-17 00:00:00,5.63,6.04,5.63,5.87,91043.70,5.87
2016-05-18 00:00:00,5.79,5.82,5.56,5.62,38596.59,5.62
2016-05-19 00:00:00,5.62,5.86,5.53,5.59,36177.05,5.59
2016-05-20 00:00:00,5.51,5.80,5.46,5.69,45499.34,5.69
2016-05-23 00:00:00,5.68,6.26,5.64,6.26,113606.51,6.26
2016-05-24 00:00:00,6.35,6.75,5.98,6.00,253221.26,6.00
2016-05-25 00:00:00,6.10,6.10,5.85,5.94,107759.57,5.94
2016-05-26 00:00:00,5.90,5.91,5.58,5.80,76317.17,5.80
2016-05-27 00:00:00,5.82,6.08,5.71,6.06,93451.63,6.06
2016-05-30 00:00:00,5.95,6.13,5.84,5.87,80449.99,5.87
2016-05-31 00:00:00,5.81,6.08,5.81,6.08,83149.38,6.08
2016-06-01 00:00:00,6.07,6.22,5.99,6.14,91546.91,6.14
2016-06-02 00:00:00,6.11,6.13,5.98,6.10,68756.19,6.10
2016-06-03 00:00:00,6.10,6.13,6.00,6.07,52957.85,6.07
2016-06-06 00:00:00,6.06,6.13,6.01,6.08,47447.26,6.08
2016-06-07 00:00:00,6.08,6.10,5.96,6.00,42640.39,6.00
2016-06-08 00:00:00,6.00,6.14,5.92,6.05,66095.14,6.05
2016-06-13 00:00:00,6.00,6.10,5.69,5.81,52313.01,5.81
2016-06-14 00:00:00,5.72,6.00,5.70,5.90,76402.65,5.90
2016-06-15 00:00:00,5.81,6.13,5.76,6.09,113035.73,6.09
2016-06-16 00:00:00,6.06,6.08,5.92,5.93,64697.10,5.93
2016-06-17 00:00:00,5.96,6.02,5.91,5.95,49496.76,5.95
2016-06-20 00:00:00,5.95,6.03,5.85,5.87,50968.76,5.87
2016-06-21 00:00:00,5.89,5.93,5.76,5.77,35312.92,5.77
2016-06-22 00:00:00,5.83,5.83,5.71,5.81,44147.00,5.81
2016-06-23 00:00:00,5.79,5.83,5.72,5.76,40643.54,5.76
2016-06-24 00:00:00,5.76,5.82,5.52,5.74,51302.89,5.74
2016-06-27 00:00:00,5.71,5.85,5.66,5.84,38546.70,5.84
2016-06-28 00:00:00,5.84,6.06,5.82,6.02,78111.70,6.02
2016-06-29 00:00:00,6.02,6.05,5.93,5.95,52496.01,5.95
2016-06-30 00:00:00,5.95,5.99,5.90,5.92,36061.56,5.92
2016-07-01 00:00:00,5.92,5.95,5.76,5.84,63108.40,5.84
2016-07-04 00:00:00,5.78,6.10,5.76,6.01,86948.52,6.01
2016-07-05 00:00:00,6.03,6.06,5.97,6.01,68490.23,6.01
2016-07-06 00:00:00,6.03,6.15,5.94,6.09,81059.72,6.09
2016-07-07 00:00:00,6.06,6.50,6.00,6.41,180160.72,6.41
2016-07-08 00:00:00,6.35,6.53,6.28,6.49,145330.09,6.49
2016-07-11 00:00:00,6.49,6.73,6.45,6.61,163056.89,6.61
2016-07-12 00:00:00,6.61,7.27,6.61,7.23,370766.28,7.23
2016-07-13 00:00:00,7.12,7.95,7.12,7.95,494982.31,7.95
2016-07-14 00:00:00,7.90,8.20,7.61,7.80,313713.92,7.80
2016-07-15 00:00:00,7.85,8.10,7.81,7.85,189883.64,7.85
2016-07-18 00:00:00,7.85,8.64,7.85,8.64,439866.43,8.64
2016-07-19 00:00:00,8.40,9.30,8.20,9.04,287861.89,9.04
2016-07-20 00:00:00,8.80,8.80,8.14,8.20,356435.24,8.20
2016-07-21 00:00:00,7.90,9.02,7.81,8.79,375160.22,8.79
2016-07-22 00:00:00,8.62,8.66,7.91,7.91,819021.61,7.91
2016-07-25 00:00:00,7.40,7.60,7.12,7.12,445640.07,7.12
2016-07-26 00:00:00,7.17,7.37,7.04,7.24,250752.41,7.24
2016-07-27 00:00:00,7.22,7.28,6.60,6.76,285177.25,6.76
2016-07-28 00:00:00,6.84,6.84,6.52,6.69,182098.72,6.69
2016-07-29 00:00:00,6.74,6.78,6.62,6.68,140431.22,6.68
2016-08-01 00:00:00,6.74,6.74,6.42,6.55,132892.91,6.55
2016-08-02 00:00:00,6.65,6.65,6.51,6.63,120525.64,6.63
2016-08-03 00:00:00,6.64,6.78,6.55,6.77,199080.18,6.77
2016-08-04 00:00:00,6.74,6.86,6.62,6.77,190497.12,6.77
2016-08-05 00:00:00,6.80,6.80,6.64,6.66,139139.74,6.66
2016-08-08 00:00:00,6.65,6.77,6.52,6.77,141284.76,6.77
2016-08-09 00:00:00,6.75,6.82,6.69,6.79,140872.80,6.79
2016-08-10 00:00:00,6.80,6.96,6.75,6.84,226700.16,6.84
2016-08-11 00:00:00,6.79,6.95,6.66,6.67,154598.10,6.67
2016-08-12 00:00:00,6.70,6.77,6.57,6.76,122243.74,6.76
2016-08-15 00:00:00,6.73,6.91,6.67,6.88,194316.73,6.88
2016-08-16 00:00:00,6.88,6.93,6.83,6.87,138839.45,6.87
2016-08-17 00:00:00,6.87,6.93,6.73,6.93,190270.06,6.93
2016-08-18 00:00:00,6.91,7.55,6.88,7.42,445247.14,7.42
2016-08-19 00:00:00,7.35,7.75,7.25,7.43,381172.52,7.43
2016-08-22 00:00:00,7.43,7.62,7.11,7.15,252812.44,7.15
2016-08-23 00:00:00,7.18,7.22,6.95,7.01,159723.84,7.01
2016-08-24 00:00:00,7.02,7.07,6.96,7.02,93972.03,7.02
2016-08-25 00:00:00,7.02,7.02,6.78,6.82,127590.48,6.82
2016-08-26 00:00:00,6.83,6.90,6.78,6.89,118693.70,6.89
2016-08-29 00:00:00,6.85,6.88,6.77,6.82,81039.00,6.82
2016-08-30 00:00:00,6.84,6.87,6.75,6.77,111181.00,6.77
2016-08-31 00:00:00,6.76,6.77,6.62,6.71,130414.01,6.71
2016-09-01 00:00:00,6.68,6.71,6.62,6.62,113139.25,6.62
2016-09-02 00:00:00,6.62,6.67,6.58,6.63,61902.26,6.63
2016-09-05 00:00:00,6.64,6.70,6.58,6.65,66819.01,6.65
2016-09-06 00:00:00,6.65,6.74,6.55,6.71,95023.75,6.71
2016-09-07 00:00:00,6.74,6.86,6.72,6.85,181624.89,6.85
2016-09-08 00:00:00,6.88,7.09,6.83,7.01,291455.15,7.01
2016-09-09 00:00:00,6.99,7.05,6.84,6.86,225601.98,6.86
2016-09-12 00:00:00,6.68,7.09,6.63,6.90,265304.90,6.90
2016-09-13 00:00:00,6.90,7.07,6.85,7.02,218983.14,7.02
2016-09-14 00:00:00,7.25,7.55,7.05,7.05,337594.58,7.05
2016-09-19 00:00:00,6.94,7.00,6.88,6.94,190915.13,6.94
2016-09-20 00:00:00,6.90,6.92,6.75,6.78,167704.93,6.78
2016-09-21 00:00:00,6.79,6.90,6.72,6.85,110074.36,6.85
2016-09-22 00:00:00,6.89,6.91,6.79,6.82,98880.22,6.82
2016-09-23 00:00:00,6.96,7.10,6.95,7.01,293973.10,7.01
2016-09-26 00:00:00,7.00,7.00,6.74,6.77,139616.29,6.77
2016-09-27 00:00:00,6.75,6.79,6.62,6.78,120132.42,6.78
2016-09-28 00:00:00,6.75,6.78,6.67,6.70,66741.29,6.70
2016-09-29 00:00:00,6.70,6.78,6.68,6.68,84538.66,6.68
2016-09-30 00:00:00,6.68,6.72,6.66,6.72,50886.00,6.72
2016-10-10 00:00:00,6.72,6.77,6.66,6.75,110684.43,6.75
2016-10-11 00:00:00,6.76,6.88,6.73,6.88,164028.07,6.88
2016-10-12 00:00:00,6.85,6.85,6.75,6.81,93992.83,6.81
2016-10-13 00:00:00,6.78,6.94,6.78,6.87,129877.94,6.87
2016-10-14 00:00:00,6.86,6.91,6.78,6.83,84876.00,6.83
2016-10-17 00:00:00,6.84,6.85,6.70,6.70,85657.13,6.70
2016-10-18 00:00:00,6.69,6.78,6.67,6.76,86314.17,6.76
2016-10-19 00:00:00,6.77,6.90,6.74,6.85,131779.56,6.85
2016-10-20 00:00:00,6.85,7.04,6.78,6.91,196464.89,6.91
2016-10-21 00:00:00,6.90,7.23,6.86,7.01,307575.55,7.01
2016-10-24 00:00:00,6.99,7.09,6.93,7.02,188558.28,7.02
2016-10-25 00:00:00,7.08,7.27,7.01,7.04,212217.81,7.04
2016-10-26 00:00:00,6.97,6.99,6.90,6.92,135255.60,6.92
2016-10-27 00:00:00,6.90,7.22,6.86,7.16,229374.53,7.16
2016-10-28 00:00:00,7.10,7.19,6.96,6.97,147489.85,6.97
2016-10-31 00:00:00,6.95,7.09,6.82,7.03,101481.31,7.03
2016-11-01 00:00:00,7.01,7.29,6.95,7.22,277773.80,7.22
2016-11-02 00:00:00,7.17,7.23,7.10,7.22,163981.82,7.22
2016-11-03 00:00:00,7.19,7.35,7.10,7.18,182807.03,7.18
2016-11-04 00:00:00,7.13,7.20,6.98,6.99,149720.77,6.99
2016-11-07 00:00:00,7.00,7.07,6.92,6.95,120903.34,6.95
2016-11-08 00:00:00,6.98,7.16,6.95,7.04,120943.82,7.04
2016-11-09 00:00:00,7.01,7.12,6.87,6.95,123824.93,6.95
2016-11-10 00:00:00,6.98,7.12,6.97,7.08,174005.93,7.08
2016-11-11 00:00:00,7.11,7.25,7.07,7.18,234917.85,7.18
2016-11-14 00:00:00,7.11,7.30,7.11,7.27,265558.56,7.27
2016-11-15 00:00:00,7.24,7.37,7.16,7.23,197590.54,7.23
2016-11-16 00:00:00,7.20,7.30,7.14,7.22,121485.00,7.22
2016-11-17 00:00:00,7.22,7.53,7.15,7.35,247681.12,7.35
2016-11-18 00:00:00,7.31,7.42,7.17,7.21,171879.88,7.21
2016-11-21 00:00:00,7.20,7.24,7.13,7.16,134031.22,7.16
2016-11-22 00:00:00,7.16,7.25,7.14,7.24,130120.59,7.24
2016-11-23 00:00:00,7.23,7.25,7.08,7.12,113736.00,7.12
2016-11-24 00:00:00,7.10,7.14,7.04,7.06,105777.80,7.06
2016-11-25 00:00:00,7.08,7.22,6.92,7.18,179182.90,7.18
2016-11-28 00:00:00,7.40,7.54,7.26,7.28,477826.00,7.28
2016-11-29 00:00:00,7.21,7.39,7.08,7.28,274365.15,7.28
2016-11-30 00:00:00,7.25,7.45,7.20,7.41,295653.74,7.41
2016-12-01 00:00:00,7.41,8.15,7.40,8.15,664342.75,8.15
2016-12-02 00:00:00,8.59,8.97,8.59,8.97,789413.69,8.97
2016-12-05 00:00:00,9.28,9.87,9.28,9.87,939115.15,9.87
2016-12-06 00:00:00,9.60,10.50,9.40,10.30,673994.01,10.30
2016-12-07 00:00:00,10.01,11.33,9.88,11.30,790812.66,11.30
2016-12-12 00:00:00,11.21,12.43,11.21,12.43,932177.05,12.43
2016-12-13 00:00:00,12.40,13.67,11.19,13.67,997256.89,13.67
2016-12-14 00:00:00,13.00,15.04,12.40,14.93,917592.36,14.93
2016-12-15 00:00:00,13.88,15.67,13.68,14.75,1013346.38,14.75
2016-12-16 00:00:00,14.17,14.65,13.28,13.28,1143129.91,13.28
2016-12-19 00:00:00,12.49,12.62,11.95,11.95,520638.71,11.95
2016-12-20 00:00:00,11.32,12.19,11.11,11.39,1096019.22,11.39
2016-12-21 00:00:00,11.39,11.82,11.04,11.77,1062228.71,11.77
2016-12-22 00:00:00,11.64,12.10,11.41,11.52,942348.36,11.52
2016-12-23 00:00:00,11.35,12.38,11.31,11.72,1060564.72,11.72
2016-12-26 00:00:00,11.20,11.67,10.55,11.62,753246.52,11.62
2016-12-27 00:00:00,11.62,12.73,11.51,12.23,1143641.82,12.23
2016-12-28 00:00:00,11.87,13.45,11.77,13.45,1394121.37,13.45
2016-12-29 00:00:00,13.30,14.80,13.05,13.71,1584792.60,13.71
2016-12-30 00:00:00,13.11,13.57,12.34,12.34,1146737.34,12.34
2017-01-03 00:00:00,12.25,13.08,11.93,12.53,857262.09,12.53
2017-01-04 00:00:00,12.37,13.32,12.02,13.00,1058232.23,13.00
2017-01-05 00:00:00,12.69,12.81,12.22,12.30,830677.42,12.30
2017-01-06 00:00:00,12.12,12.45,11.43,11.59,722285.65,11.59
2017-01-09 00:00:00,11.59,11.84,11.34,11.71,499699.17,11.71
2017-01-10 00:00:00,11.65,11.90,11.41,11.70,495644.62,11.70
2017-01-11 00:00:00,11.56,11.59,11.10,11.13,499294.94,11.13
2017-01-12 00:00:00,11.24,11.32,10.90,11.09,393749.85,11.09
2017-01-13 00:00:00,11.22,11.28,10.24,10.30,436161.88,10.30
2017-01-16 00:00:00,10.17,10.45,9.52,10.11,442966.43,10.11
2017-01-17 00:00:00,10.05,10.75,9.88,10.56,468954.76,10.56
2017-01-18 00:00:00,10.40,11.28,10.35,10.75,691682.95,10.75
2017-01-19 00:00:00,10.41,11.38,10.41,10.95,629097.65,10.95
2017-01-20 00:00:00,10.85,11.19,10.76,10.92,441421.01,10.92
2017-01-23 00:00:00,10.82,11.39,10.65,11.04,554681.21,11.04
2017-01-24 00:00:00,10.94,11.62,10.74,11.28,729878.40,11.28
2017-01-25 00:00:00,11.12,11.43,10.57,10.63,520085.55,10.63
2017-01-26 00:00:00,10.83,10.89,10.51,10.59,253392.16,10.59
2017-02-03 00:00:00,10.60,10.69,10.53,10.60,164179.51,10.60
2017-02-06 00:00:00,10.55,11.08,10.19,11.03,517492.51,11.03
2017-02-07 00:00:00,10.90,12.13,10.80,12.13,583757.33,12.13
2017-02-08 00:00:00,12.55,12.95,12.33,12.59,1299015.12,12.59
2017-02-09 00:00:00,12.14,13.35,12.14,12.45,1090011.46,12.45
2017-02-10 00:00:00,12.21,13.70,11.82,13.70,1584125.86,13.70
2017-02-13 00:00:00,13.28,13.62,12.44,12.68,1253553.73,12.68
2017-02-14 00:00:00,12.51,13.35,12.21,12.93,1072780.26,12.93
2017-02-15 00:00:00,12.58,12.73,12.19,12.30,743908.78,12.30
2017-02-16 00:00:00,12.30,12.74,12.16,12.36,470612.58,12.36
2017-02-17 00:00:00,12.20,12.49,12.00,12.06,465180.66,12.06
2017-02-20 00:00:00,12.01,12.49,11.96,12.25,419082.25,12.25
2017-02-21 00:00:00,12.21,12.50,12.14,12.28,504154.12,12.28
2017-02-22 00:00:00,12.11,13.00,12.02,12.80,1022566.30,12.80
2017-02-23 00:00:00,12.66,12.67,11.62,12.15,782383.25,12.15
2017-02-24 00:00:00,11.95,11.95,11.64,11.69,417720.29,11.69
2017-02-27 00:00:00,11.57,11.77,11.52,11.71,259200.19,11.71
2017-02-28 00:00:00,11.72,11.95,11.57,11.85,333640.54,11.85
2017-03-01 00:00:00,11.80,12.30,11.71,12.20,590280.21,12.20
2017-03-02 00:00:00,12.22,12.30,11.76,11.76,394425.84,11.76
2017-03-03 00:00:00,11.65,11.65,11.20,11.24,359999.37,11.24
2017-03-06 00:00:00,11.20,11.35,11.00,11.26,207351.50,11.26
2017-03-07 00:00:00,11.26,11.35,11.18,11.20,181617.53,11.20
2017-03-08 00:00:00,11.15,11.49,11.12,11.36,259234.43,11.36
2017-03-09 00:00:00,11.22,11.31,11.01,11.10,218038.30,11.10
2017-03-10 00:00:00,11.03,11.25,11.03,11.10,163034.24,11.10
2017-03-13 00:00:00,11.06,11.27,11.05,11.21,180469.00,11.21
2017-03-14 00:00:00,11.21,11.37,11.16,11.18,218702.66,11.18
2017-03-15 00:00:00,11.16,11.49,11.00,11.29,368196.00,11.29
2017-03-16 00:00:00,11.27,11.33,11.15,11.31,273505.25,11.31
2017-03-17 00:00:00,11.30,11.62,11.22,11.41,448432.02,11.41
2017-03-20 00:00:00,11.34,11.60,11.22,11.54,382045.08,11.54
2017-03-21 00:00:00,11.56,11.56,11.25,11.26,301364.63,11.26
2017-03-22 00:00:00,11.26,11.40,11.16,11.18,230456.30,11.18
2017-03-23 00:00:00,11.16,11.24,11.00,11.12,261655.74,11.12
2017-03-24 00:00:00,11.12,12.23,11.07,12.23,954903.24,12.23
2017-03-27 00:00:00,12.53,13.25,12.35,12.71,1505893.39,12.71
2017-03-28 00:00:00,12.23,12.70,11.90,12.44,724687.87,12.44
2017-03-29 00:00:00,12.20,13.18,12.15,12.62,935628.26,12.62
2017-03-30 00:00:00,12.36,12.60,12.00,12.02,670152.38,12.02
2017-03-31 00:00:00,11.82,11.87,11.00,11.07,617581.06,11.07
2017-04-05 00:00:00,11.35,11.88,11.35,11.49,449218.27,11.49
2017-04-06 00:00:00,11.69,11.79,11.30,11.42,404824.79,11.42
2017-04-07 00:00:00,11.35,11.39,11.16,11.21,276605.43,11.21
2017-04-10 00:00:00,11.21,11.45,11.16,11.38,282879.11,11.38
2017-04-11 00:00:00,11.33,11.97,11.17,11.71,526976.84,11.71
2017-04-12 00:00:00,11.58,11.96,11.35,11.56,499756.93,11.56
2017-04-13 00:00:00,11.38,11.78,11.33,11.46,252106.95,11.46
2017-04-14 00:00:00,11.45,11.46,11.11,11.15,250249.95,11.15
2017-04-26 00:00:00,10.04,10.04,10.04,10.04,63675.00,10.04
2017-04-27 00:00:00,9.04,10.98,9.04,10.57,481837.38,10.57
2017-04-28 00:00:00,10.18,10.62,10.08,10.27,234255.05,10.27
2017-05-02 00:00:00,10.25,10.46,10.10,10.21,186978.67,10.21
2017-05-03 00:00:00,10.19,10.66,10.10,10.36,260815.69,10.36
2017-05-04 00:00:00,10.26,10.35,10.13,10.15,210864.23,10.15
2017-05-05 00:00:00,10.15,10.22,9.50,9.54,244645.42,9.54
2017-05-08 00:00:00,9.54,9.69,8.80,9.05,222978.15,9.05
2017-05-09 00:00:00,9.03,9.14,8.83,9.11,139850.56,9.11
2017-05-10 00:00:00,9.11,9.18,8.74,8.77,153634.12,8.77
2017-05-11 00:00:00,8.53,8.75,8.03,8.60,232160.08,8.60
2017-05-12 00:00:00,8.58,8.72,8.50,8.59,170927.70,8.59
2017-05-15 00:00:00,8.80,9.19,8.71,8.87,230688.86,8.87
2017-05-16 00:00:00,8.88,8.98,8.62,8.98,194669.43,8.98
2017-05-17 00:00:00,8.90,9.28,8.84,9.13,237558.87,9.13
2017-05-18 00:00:00,9.00,9.10,8.90,8.90,159088.98,8.90
2017-05-19 00:00:00,8.90,8.92,8.72,8.74,120206.50,8.74
2017-05-22 00:00:00,8.75,8.76,8.35,8.38,135368.24,8.38
2017-05-23 00:00:00,8.32,8.43,7.85,7.97,156416.21,7.97
2017-05-24 00:00:00,7.95,7.99,7.60,7.90,120780.47,7.90
2017-05-25 00:00:00,7.86,7.96,7.68,7.91,124286.21,7.91
2017-05-26 00:00:00,7.94,7.94,7.82,7.82,94461.00,7.82
2017-05-31 00:00:00,7.89,7.95,7.71,7.72,103844.24,7.72
2017-06-01 00:00:00,7.72,7.72,7.21,7.21,164674.94,7.21
2017-06-02 00:00:00,7.21,7.33,6.95,7.30,146102.44,7.30
2017-06-05 00:00:00,7.30,8.03,7.25,8.03,164567.11,8.03
2017-06-06 00:00:00,8.35,8.35,8.03,8.08,389930.21,8.08
2017-06-07 00:00:00,8.01,8.89,7.91,8.78,410891.03,8.78
2017-06-08 00:00:00,8.60,9.66,8.56,9.15,587274.22,9.15
2017-06-09 00:00:00,9.08,9.12,8.72,8.87,331562.21,8.87
2017-06-12 00:00:00,8.85,8.86,8.41,8.44,222320.23,8.44
2017-06-13 00:00:00,8.46,8.98,8.45,8.81,292607.20,8.81
2017-06-14 00:00:00,8.73,9.30,8.63,9.02,426077.49,9.02
2017-06-15 00:00:00,8.86,9.50,8.83,9.29,403447.93,9.29
2017-06-16 00:00:00,9.20,9.30,9.02,9.08,293035.76,9.08
2017-06-19 00:00:00,9.02,9.24,8.96,9.09,236101.72,9.09
2017-06-20 00:00:00,9.10,9.14,8.90,8.90,221002.66,8.90
2017-06-21 00:00:00,8.91,9.03,8.75,8.84,170829.72,8.84
2017-06-22 00:00:00,8.85,8.97,8.60,8.67,163497.14,8.67
2017-06-23 00:00:00,8.66,8.83,8.52,8.83,165984.62,8.83
2017-06-26 00:00:00,8.82,9.15,8.71,8.99,228690.30,8.99
2017-06-27 00:00:00,8.95,9.06,8.82,8.92,151211.85,8.92
2017-06-28 00:00:00,8.89,9.12,8.77,9.08,298167.40,9.08
2017-06-29 00:00:00,9.05,9.42,9.01,9.24,414041.64,9.24
2017-06-30 00:00:00,9.13,9.19,8.97,9.04,224000.33,9.04
2017-07-03 00:00:00,9.03,9.38,8.95,9.21,302306.78,9.21
2017-07-04 00:00:00,9.20,9.22,9.06,9.15,196850.43,9.15
2017-07-05 00:00:00,9.10,9.23,9.06,9.16,178067.52,9.16
2017-07-06 00:00:00,9.16,9.17,9.02,9.09,167913.45,9.09
2017-07-07 00:00:00,9.07,9.96,9.01,9.79,656661.83,9.79
2017-07-10 00:00:00,9.71,10.25,9.70,10.07,669586.13,10.07
2017-07-11 00:00:00,10.02,10.56,9.80,9.83,675201.36,9.83
2017-07-12 00:00:00,9.99,10.05,9.41,9.94,435537.52,9.94
2017-07-13 00:00:00,9.82,10.50,9.82,10.21,551410.26,10.21
2017-07-14 00:00:00,10.75,11.15,10.50,10.54,798615.73,10.54
2017-07-17 00:00:00,10.53,10.67,9.49,10.10,534749.41,10.10
2017-07-18 00:00:00,10.10,11.11,10.10,11.11,852360.71,11.11
2017-07-19 00:00:00,10.94,11.79,10.81,11.35,1077983.91,11.35
2017-07-20 00:00:00,11.24,11.90,11.18,11.70,923557.46,11.70
2017-07-21 00:00:00,11.81,11.93,11.30,11.47,630701.64,11.47
2017-07-24 00:00:00,11.38,11.57,11.03,11.33,440043.16,11.33
2017-07-25 00:00:00,11.25,11.30,10.88,11.21,432463.17,11.21
2017-07-26 00:00:00,11.25,11.35,11.05,11.25,377630.24,11.25
2017-07-27 00:00:00,11.26,11.42,10.66,10.79,534935.31,10.79
2017-07-28 00:00:00,10.60,11.28,10.51,11.07,439391.99,11.07
2017-07-31 00:00:00,10.95,11.28,10.83,11.18,433076.66,11.18
2017-08-01 00:00:00,11.16,11.38,10.90,11.11,443748.64,11.11
2017-08-02 00:00:00,11.12,11.13,10.72,10.73,361385.86,10.73
2017-08-03 00:00:00,10.51,10.99,10.40,10.55,306215.08,10.55
2017-08-04 00:00:00,10.52,10.80,10.45,10.50,290850.21,10.50
2017-08-07 00:00:00,10.39,10.50,10.13,10.50,235271.36,10.50
2017-08-08 00:00:00,10.50,10.75,10.41,10.46,217949.61,10.46
2017-08-09 00:00:00,10.64,10.72,10.39,10.61,240319.21,10.61
2017-08-10 00:00:00,10.50,11.47,10.47,11.38,820426.12,11.38
2017-08-11 00:00:00,11.20,11.23,10.30,10.42,548824.27,10.42
2017-08-14 00:00:00,10.28,10.48,10.03,10.36,319093.04,10.36
2017-08-15 00:00:00,10.25,10.34,10.13,10.22,204278.17,10.22
2017-08-16 00:00:00,10.15,10.31,10.11,10.18,170142.83,10.18
2017-08-17 00:00:00,10.22,10.35,10.15,10.27,178333.83,10.27
2017-08-18 00:00:00,10.19,10.30,10.08,10.19,147237.79,10.19
2017-08-21 00:00:00,10.14,10.33,10.14,10.27,131905.37,10.27
2017-08-22 00:00:00,10.30,10.80,10.26,10.46,325044.85,10.46
2017-08-23 00:00:00,10.42,10.56,10.20,10.21,186756.01,10.21
2017-08-24 00:00:00,10.25,10.29,10.06,10.09,139383.89,10.09
2017-08-25 00:00:00,10.13,10.30,10.10,10.23,143895.16,10.23
2017-08-28 00:00:00,10.34,10.35,10.19,10.34,169221.00,10.34
2017-08-29 00:00:00,10.36,10.90,10.31,10.65,356696.21,10.65
2017-08-30 00:00:00,10.62,10.80,10.40,10.72,344623.40,10.72
2017-08-31 00:00:00,10.69,10.78,10.55,10.63,195289.72,10.63
2017-09-01 00:00:00,10.68,11.03,10.60,10.82,354456.94,10.82
2017-09-04 00:00:00,10.79,10.81,10.59,10.67,227462.85,10.67
2017-09-05 00:00:00,10.64,10.64,10.44,10.49,192070.14,10.49
2017-09-06 00:00:00,10.50,10.54,10.33,10.41,134964.00,10.41
2017-09-07 00:00:00,10.45,10.57,10.30,10.32,167368.84,10.32
2017-09-08 00:00:00,10.35,10.51,10.25,10.39,136968.83,10.39
2017-09-11 00:00:00,10.36,10.39,10.25,10.35,123964.64,10.35
2017-09-12 00:00:00,10.39,10.75,10.39,10.68,377775.50,10.68
2017-09-13 00:00:00,10.65,10.87,10.58,10.75,296201.26,10.75
2017-09-14 00:00:00,10.79,11.38,10.78,11.07,564205.27,11.07
2017-09-15 00:00:00,10.94,10.96,10.50,10.58,319342.47,10.58
2017-09-18 00:00:00,10.50,10.71,10.50,10.63,171100.78,10.63
2017-09-19 00:00:00,10.60,10.62,10.43,10.44,148306.28,10.44
2017-09-20 00:00:00,10.40,10.44,10.22,10.44,170431.07,10.44
2017-09-21 00:00:00,10.40,10.74,10.35,10.42,211068.02,10.42
2017-09-22 00:00:00,10.34,10.34,10.00,10.05,233059.62,10.05
2017-09-25 00:00:00,10.00,10.23,9.93,10.04,145199.00,10.04
2017-09-26 00:00:00,10.04,10.14,9.84,10.05,158866.95,10.05
2017-09-27 00:00:00,10.04,10.10,9.95,10.03,119693.90,10.03
2017-09-28 00:00:00,10.04,10.14,9.96,9.96,106877.00,9.96
2017-09-29 00:00:00,9.96,10.05,9.79,9.89,133911.01,9.89
2017-10-09 00:00:00,9.93,10.03,9.90,9.96,94133.38,9.96
2017-10-10 00:00:00,10.04,10.24,10.01,10.19,194083.81,10.19
2017-10-11 00:00:00,10.18,10.18,10.02,10.08,115743.89,10.08
2017-10-12 00:00:00,10.09,10.10,9.88,10.00,112411.61,10.00
2017-10-13 00:00:00,9.99,10.15,9.95,10.10,114271.01,10.10
2017-10-16 00:00:00,10.15,10.15,9.91,9.91,159910.47,9.91
2017-10-17 00:00:00,9.89,10.10,9.82,9.98,104529.15,9.98
2017-10-18 00:00:00,9.92,9.98,9.72,9.75,118394.00,9.75
2017-10-19 00:00:00,9.71,9.90,9.59,9.59,105156.03,9.59
2017-10-20 00:00:00,9.60,9.90,9.50,9.84,122434.25,9.84
2017-10-23 00:00:00,9.80,9.85,9.75,9.82,63130.01,9.82
2017-10-24 00:00:00,9.85,10.06,9.82,9.91,132729.00,9.91
2017-10-25 00:00:00,9.87,10.02,9.84,9.98,98744.41,9.98
2017-10-26 00:00:00,10.47,10.67,10.24,10.31,411684.16,10.31
2017-10-27 00:00:00,10.34,10.64,10.26,10.33,288194.00,10.33
2017-10-30 00:00:00,10.19,10.21,9.90,10.10,228701.00,10.10
2017-10-31 00:00:00,10.12,10.45,10.02,10.45,244023.43,10.45
2017-11-01 00:00:00,10.47,10.57,10.35,10.49,282937.90,10.49
2017-11-02 00:00:00,10.46,10.48,10.19,10.28,177402.09,10.28
2017-11-03 00:00:00,10.28,10.31,10.01,10.14,141107.00,10.14
2017-11-06 00:00:00,10.06,10.11,9.85,10.10,134442.99,10.10
2017-11-07 00:00:00,10.10,10.17,9.97,10.16,128214.00,10.16
2017-11-08 00:00:00,10.08,10.14,10.00,10.01,129978.09,10.01
2017-11-09 00:00:00,9.96,10.08,9.92,10.02,88567.90,10.02
2017-11-10 00:00:00,10.00,10.00,9.86,9.86,122785.00,9.86
2017-11-13 00:00:00,9.83,9.97,9.65,9.92,128672.00,9.92
2017-11-14 00:00:00,9.89,10.13,9.82,10.06,183227.01,10.06
2017-11-15 00:00:00,10.10,10.15,9.97,10.06,166749.19,10.06
2017-11-16 00:00:00,10.07,10.15,9.86,9.86,153648.52,9.86
2017-11-17 00:00:00,9.81,9.88,9.03,9.19,238745.34,9.19
2017-11-20 00:00:00,9.15,9.15,8.58,9.07,132546.64,9.07
2017-11-21 00:00:00,8.96,9.09,8.85,8.91,101085.00,8.91
2017-11-22 00:00:00,8.94,8.95,8.80,8.83,82595.00,8.83
2017-11-23 00:00:00,8.83,9.05,8.72,8.72,124273.50,8.72
2017-11-24 00:00:00,8.68,8.82,8.63,8.74,64481.00,8.74
2017-11-27 00:00:00,8.82,9.01,8.82,8.83,126523.85,8.83
2017-11-28 00:00:00,8.86,9.16,8.75,9.11,175714.32,9.11
2017-11-29 00:00:00,9.75,10.02,9.75,10.02,181942.78,10.02
2017-11-30 00:00:00,10.90,11.00,10.35,10.81,1078964.95,10.81
2017-12-01 00:00:00,10.77,11.11,10.63,11.02,740357.67,11.02
2017-12-04 00:00:00,11.43,11.88,10.83,10.89,835257.86,10.89
2017-12-05 00:00:00,10.85,11.30,10.61,11.08,730562.16,11.08
2017-12-06 00:00:00,10.85,11.32,10.42,11.30,707221.34,11.30
2017-12-07 00:00:00,10.99,11.35,10.64,10.71,562121.24,10.71
2017-12-08 00:00:00,10.80,11.28,10.63,10.94,579850.02,10.94
2017-12-11 00:00:00,10.86,11.20,10.71,11.12,489090.80,11.12
2017-12-12 00:00:00,11.00,11.29,10.92,11.09,523972.96,11.09
2017-12-13 00:00:00,10.92,10.96,10.55,10.76,410158.01,10.76
2017-12-14 00:00:00,10.74,11.02,10.65,11.02,457936.78,11.02
2017-12-15 00:00:00,10.90,10.95,10.24,10.29,503730.81,10.29
2017-12-18 00:00:00,10.25,10.40,9.72,9.95,347915.93,9.95
2017-12-19 00:00:00,10.00,10.05,9.83,10.00,185125.00,10.00
2017-12-20 00:00:00,10.00,10.04,9.45,9.61,262689.98,9.61
2017-12-21 00:00:00,9.67,9.80,9.45,9.66,226143.31,9.66
2017-12-22 00:00:00,9.67,9.82,9.62,9.71,161840.41,9.71
2017-12-25 00:00:00,9.62,10.09,9.62,10.00,329501.00,10.00
2017-12-26 00:00:00,9.91,9.99,9.72,9.89,192056.00,9.89
2017-12-27 00:00:00,9.90,10.10,9.75,9.86,239823.41,9.86
2017-12-28 00:00:00,9.75,9.82,9.54,9.70,237708.76,9.70
2017-12-29 00:00:00,9.67,9.82,9.62,9.72,175768.23,9.72
2018-01-02 00:00:00,9.73,10.69,9.73,10.69,483490.84,10.69
2018-01-03 00:00:00,11.19,11.73,10.92,11.36,977305.13,11.36
2018-01-04 00:00:00,11.22,12.47,11.06,12.07,899573.68,12.07
2018-01-05 00:00:00,12.50,13.28,12.20,12.94,1281324.21,12.94
2018-01-08 00:00:00,12.99,13.64,12.74,13.19,1081996.78,13.19
2018-01-09 00:00:00,12.91,12.96,12.61,12.79,650130.32,12.79
2018-01-10 00:00:00,12.68,13.08,12.48,12.72,606411.53,12.72
2018-01-11 00:00:00,12.40,12.44,11.48,11.55,921689.68,11.55
2018-01-12 00:00:00,11.50,11.66,11.34,11.46,475542.41,11.46
2018-01-15 00:00:00,11.48,11.68,10.99,11.17,492356.67,11.17
2018-01-16 00:00:00,11.30,11.62,11.22,11.60,459186.86,11.60
2018-01-17 00:00:00,11.80,11.80,11.07,11.33,391863.02,11.33
2018-01-18 00:00:00,11.22,11.77,11.18,11.61,415640.98,11.61
2018-01-19 00:00:00,11.50,11.79,11.32,11.43,363354.08,11.43
2018-01-22 00:00:00,11.40,11.87,11.33,11.79,408988.27,11.79
2018-01-23 00:00:00,11.65,11.99,11.64,11.99,369893.37,11.99
2018-01-24 00:00:00,11.90,11.95,11.40,11.70,359955.16,11.70
2018-01-25 00:00:00,11.60,11.85,11.39,11.64,350498.79,11.64
2018-01-26 00:00:00,11.53,12.70,11.47,12.46,767588.23,12.46
2018-01-29 00:00:00,12.13,13.38,12.07,12.78,753775.75,12.78
2018-01-30 00:00:00,12.82,12.91,12.20,12.30,412497.85,12.30
2018-01-31 00:00:00,12.18,13.08,12.16,12.62,577236.32,12.62
2018-02-01 00:00:00,12.52,12.98,11.36,11.74,560320.04,11.74
2018-02-02 00:00:00,11.42,12.91,11.42,12.91,510025.47,12.91
2018-02-05 00:00:00,13.11,13.63,12.82,13.46,693985.70,13.46
2018-02-06 00:00:00,13.12,13.30,12.38,12.49,497573.85,12.49
2018-02-07 00:00:00,12.90,13.51,12.11,12.33,608737.97,12.33
2018-02-08 00:00:00,12.04,12.43,11.60,12.09,389083.75,12.09
2018-02-09 00:00:00,11.41,11.69,10.88,10.88,406774.47,10.88
2018-02-12 00:00:00,10.96,11.14,10.61,11.05,278269.99,11.05
2018-02-13 00:00:00,11.23,11.58,11.13,11.16,302160.89,11.16
2018-02-14 00:00:00,11.23,11.67,11.16,11.63,281183.14,11.63
2018-02-22 00:00:00,11.89,12.38,11.85,12.10,367218.50,12.10
2018-02-23 00:00:00,12.05,12.40,11.96,12.27,366527.77,12.27
2018-02-26 00:00:00,12.36,12.62,12.04,12.55,410343.33,12.55
2018-02-27 00:00:00,12.52,12.52,11.80,11.88,488939.13,11.88
2018-02-28 00:00:00,11.72,12.12,11.50,11.96,357535.75,11.96
2018-03-01 00:00:00,11.75,12.98,11.67,12.86,749204.29,12.86
2018-03-02 00:00:00,12.58,12.75,12.38,12.66,483400.76,12.66
2018-03-05 00:00:00,12.65,12.86,11.85,12.22,544309.20,12.22
2018-03-06 00:00:00,12.22,12.86,11.73,12.85,710534.27,12.85
2018-03-07 00:00:00,12.65,12.80,12.28,12.37,471795.66,12.37
2018-03-08 00:00:00,12.30,12.55,12.20,12.45,342604.62,12.45
2018-03-09 00:00:00,12.46,12.47,12.10,12.27,347681.62,12.27
2018-03-12 00:00:00,12.27,12.83,12.19,12.70,601238.53,12.70
2018-03-13 00:00:00,12.64,13.08,12.48,12.78,665701.05,12.78
2018-03-14 00:00:00,12.80,14.06,12.54,13.92,1067010.57,13.92
2018-03-15 00:00:00,13.70,13.88,13.39,13.69,690515.24,13.69
2018-03-16 00:00:00,13.79,14.10,13.59,13.72,683695.60,13.72
2018-03-19 00:00:00,13.60,13.66,13.02,13.27,515144.56,13.27
2018-03-20 00:00:00,13.05,13.44,12.89,13.21,411128.52,13.21
2018-03-21 00:00:00,13.15,13.42,12.71,12.81,531299.55,12.81
2018-03-22 00:00:00,12.82,13.16,12.75,12.82,350024.03,12.82
2018-03-23 00:00:00,11.82,12.26,11.54,11.54,489880.93,11.54
2018-03-26 00:00:00,11.15,11.74,10.71,11.69,324374.60,11.69
2018-03-27 00:00:00,11.90,12.16,11.74,11.92,354963.73,11.92
2018-03-28 00:00:00,11.65,12.07,11.53,11.66,258188.49,11.66
2018-03-29 00:00:00,11.79,12.70,11.70,12.40,576034.50,12.40
2018-03-30 00:00:00,12.25,12.35,12.07,12.22,356272.41,12.22
2018-04-02 00:00:00,12.19,12.55,12.14,12.18,349566.78,12.18
2018-04-03 00:00:00,11.88,12.48,11.72,12.28,361785.08,12.28
2018-04-04 00:00:00,12.38,12.47,11.84,11.89,295491.93,11.89
2018-04-09 00:00:00,11.89,12.14,11.74,11.80,329168.08,11.80
2018-04-10 00:00:00,11.72,12.24,11.65,11.95,351483.49,11.95
2018-04-11 00:00:00,11.90,12.05,11.76,11.83,350980.73,11.83
2018-04-12 00:00:00,11.71,11.80,11.38,11.49,304734.61,11.49
2018-04-13 00:00:00,11.57,11.63,11.48,11.52,146829.62,11.52
2018-04-16 00:00:00,11.42,11.47,11.04,11.24,201627.58,11.24
2018-04-17 00:00:00,11.28,11.38,11.06,11.07,166163.80,11.07
2018-04-18 00:00:00,11.19,11.21,10.70,11.13,224080.78,11.13
2018-04-19 00:00:00,11.06,11.30,11.00,11.29,225407.89,11.29
2018-04-20 00:00:00,11.21,11.21,10.62,10.66,226588.41,10.66
2018-04-23 00:00:00,10.34,10.35,10.00,10.16,255409.77,10.16
2018-04-24 00:00:00,10.20,10.61,10.20,10.57,242899.69,10.57
2018-04-25 00:00:00,10.43,10.55,10.36,10.51,147492.76,10.51
2018-04-26 00:00:00,10.56,10.58,10.23,10.27,130407.00,10.27
2018-04-27 00:00:00,10.40,10.68,10.40,10.52,180082.19,10.52
2018-05-02 00:00:00,10.66,10.89,10.60,10.82,207982.10,10.82
2018-05-03 00:00:00,10.70,10.78,10.51,10.75,169713.60,10.75
2018-05-04 00:00:00,10.74,11.08,10.66,10.76,244777.27,10.76
2018-05-07 00:00:00,10.73,10.93,10.61,10.86,210952.19,10.86
2018-05-08 00:00:00,10.83,10.92,10.76,10.83,170473.41,10.83
2018-05-09 00:00:00,10.82,10.82,10.61,10.68,158208.01,10.68
2018-05-10 00:00:00,10.73,10.77,10.45,10.58,172049.00,10.58
2018-05-11 00:00:00,9.80,10.07,9.65,9.74,477929.86,9.74
2018-05-14 00:00:00,9.81,9.97,9.81,9.90,190483.49,9.90
2018-05-15 00:00:00,9.94,9.95,9.75,9.91,114479.40,9.91
2018-05-16 00:00:00,9.90,9.92,9.82,9.86,87221.13,9.86
2018-05-17 00:00:00,9.86,9.90,9.70,9.72,103323.00,9.72
2018-05-18 00:00:00,9.73,9.75,9.53,9.68,116667.00,9.68
2018-05-21 00:00:00,9.78,9.93,9.71,9.88,149375.30,9.88
2018-05-22 00:00:00,9.88,9.91,9.72,9.81,109473.00,9.81
2018-05-23 00:00:00,9.80,9.80,9.59,9.59,112298.00,9.59
2018-05-24 00:00:00,9.59,9.78,9.58,9.70,101344.30,9.70
2018-05-25 00:00:00,9.67,9.72,9.50,9.52,90174.00,9.52
2018-05-28 00:00:00,9.45,9.65,9.07,9.36,147859.00,9.36
2018-05-29 00:00:00,9.20,9.24,9.01,9.03,126595.00,9.03
2018-05-30 00:00:00,8.90,8.93,8.51,8.52,124977.00,8.52
2018-05-31 00:00:00,8.66,8.78,8.55,8.64,112845.52,8.64
2018-06-01 00:00:00,8.59,9.30,8.05,9.05,227581.46,9.05
2018-06-04 00:00:00,9.13,9.21,9.01,9.11,144239.97,9.11
2018-06-05 00:00:00,9.11,9.18,9.04,9.13,107074.49,9.13
2018-06-06 00:00:00,9.13,9.45,9.07,9.36,205402.22,9.36
2018-06-07 00:00:00,9.36,9.44,9.22,9.25,118086.34,9.25
2018-06-08 00:00:00,9.23,9.32,8.95,9.12,120606.00,9.12
2018-06-11 00:00:00,9.17,9.70,9.12,9.58,283487.08,9.58
2018-06-12 00:00:00,9.50,9.89,9.42,9.85,300192.69,9.85
2018-06-13 00:00:00,9.70,9.88,9.61,9.62,202586.70,9.62
2018-06-14 00:00:00,9.56,9.85,9.43,9.78,184304.29,9.78
2018-06-15 00:00:00,9.80,10.35,9.69,9.83,302101.29,9.83
2018-06-19 00:00:00,9.59,9.76,8.85,8.87,263666.29,8.87
2018-06-20 00:00:00,8.89,9.35,8.83,9.35,208490.00,9.35
2018-06-21 00:00:00,9.45,10.10,9.33,9.62,347409.78,9.62
2018-06-22 00:00:00,9.55,9.95,9.48,9.88,249854.86,9.88
2018-06-25 00:00:00,9.80,9.89,9.51,9.61,208517.60,9.61
2018-06-26 00:00:00,9.19,9.29,8.81,9.24,242504.25,9.24
2018-06-27 00:00:00,9.26,9.31,8.93,8.95,155325.34,8.95
2018-06-28 00:00:00,8.95,9.12,8.75,8.78,124247.94,8.78
2018-06-29 00:00:00,8.85,9.06,8.73,9.01,161395.25,9.01
2018-07-02 00:00:00,9.00,9.00,8.58,8.70,170984.16,8.70
2018-07-03 00:00:00,8.69,8.77,8.20,8.65,173582.51,8.65
2018-07-04 00:00:00,8.51,8.75,8.48,8.55,99161.00,8.55
2018-07-05 00:00:00,8.65,8.70,8.16,8.17,144059.74,8.17
2018-07-06 00:00:00,8.17,8.42,8.00,8.25,138100.35,8.25
2018-07-09 00:00:00,8.29,8.66,8.23,8.60,188111.35,8.60
2018-07-10 00:00:00,8.62,9.04,8.55,8.80,227006.32,8.80
2018-07-11 00:00:00,8.54,8.59,8.30,8.54,147896.92,8.54
2018-07-12 00:00:00,8.48,8.76,8.48,8.70,150651.08,8.70
2018-07-13 00:00:00,8.92,8.97,8.75,8.88,218969.78,8.88
2018-07-16 00:00:00,8.88,8.99,8.80,8.84,141935.38,8.84
2018-07-17 00:00:00,8.81,8.85,8.64,8.85,102209.16,8.85
2018-07-18 00:00:00,8.82,8.88,8.68,8.70,107557.40,8.70
2018-07-19 00:00:00,8.72,8.91,8.70,8.75,135292.99,8.75
2018-07-20 00:00:00,8.72,8.83,8.46,8.80,150995.79,8.80
2018-07-23 00:00:00,8.75,9.50,8.68,9.19,387936.62,9.19
2018-07-24 00:00:00,9.43,9.83,9.27,9.75,512534.14,9.75
2018-07-25 00:00:00,9.80,10.04,9.54,9.83,483973.66,9.83
2018-07-26 00:00:00,9.75,9.89,9.60,9.72,270844.13,9.72
2018-07-27 00:00:00,9.73,9.86,9.63,9.79,228593.61,9.79
2018-07-30 00:00:00,9.90,10.31,9.80,9.84,414126.47,9.84
2018-07-31 00:00:00,9.83,9.87,9.53,9.83,204398.80,9.83
2018-08-01 00:00:00,9.91,10.25,9.43,9.46,333029.43,9.46
2018-08-02 00:00:00,9.49,10.10,9.26,10.10,447745.43,10.10
2018-08-03 00:00:00,10.00,10.00,9.56,9.56,305573.99,9.56
2018-08-06 00:00:00,9.44,9.83,9.33,9.62,244389.00,9.62
2018-08-07 00:00:00,9.71,10.12,9.50,10.06,384149.68,10.06
2018-08-08 00:00:00,10.00,10.69,9.96,10.25,631610.55,10.25
2018-08-09 00:00:00,10.09,10.30,9.92,10.22,387791.35,10.22
2018-08-10 00:00:00,10.20,10.35,10.06,10.24,245366.35,10.24
2018-08-13 00:00:00,10.13,10.25,9.96,10.24,197645.68,10.24
2018-08-14 00:00:00,10.33,10.58,10.15,10.44,407977.29,10.44
2018-08-15 00:00:00,10.39,10.42,10.00,10.02,251934.00,10.02
2018-08-16 00:00:00,9.82,9.97,9.59,9.65,180735.80,9.65
2018-08-17 00:00:00,9.80,9.84,9.34,9.36,198152.00,9.36
2018-08-20 00:00:00,9.40,9.45,9.07,9.45,174120.94,9.45
2018-08-21 00:00:00,9.35,9.68,9.33,9.57,165283.28,9.57
2018-08-22 00:00:00,9.52,9.53,9.32,9.35,124135.43,9.35
2018-08-23 00:00:00,9.36,9.59,9.34,9.57,183687.85,9.57
2018-08-24 00:00:00,9.52,9.62,9.40,9.43,177071.00,9.43
2018-08-27 00:00:00,9.47,9.67,9.40,9.66,207002.61,9.66
2018-08-28 00:00:00,9.65,9.65,9.47,9.54,166111.67,9.54
2018-08-29 00:00:00,9.54,9.59,9.45,9.48,99331.60,9.48
2018-08-30 00:00:00,9.45,9.52,9.11,9.11,153577.46,9.11
2018-08-31 00:00:00,9.06,9.19,9.04,9.09,74767.00,9.09
2018-09-03 00:00:00,9.07,9.08,8.85,9.00,84361.08,9.00
2018-09-04 00:00:00,9.05,9.17,8.99,9.10,82226.02,9.10
2018-09-05 00:00:00,9.14,9.14,8.88,8.88,81514.01,8.88
2018-09-06 00:00:00,8.86,8.95,8.74,8.78,69186.62,8.78
2018-09-07 00:00:00,8.81,9.01,8.80,8.90,82547.75,8.90
2018-09-10 00:00:00,8.91,8.93,8.59,8.60,82448.35,8.60
2018-09-11 00:00:00,8.57,8.62,8.16,8.30,173695.14,8.30
2018-09-12 00:00:00,8.31,8.35,8.17,8.33,74987.80,8.33
2018-09-13 00:00:00,8.38,8.47,8.27,8.39,67674.08,8.39
2018-09-14 00:00:00,8.39,8.43,8.31,8.33,56655.02,8.33
2018-09-17 00:00:00,8.29,8.29,8.15,8.16,52180.07,8.16
2018-09-18 00:00:00,8.12,8.79,8.12,8.66,175610.33,8.66
2018-09-19 00:00:00,8.59,8.74,8.50,8.64,135680.40,8.64
2018-09-20 00:00:00,8.61,8.80,8.61,8.65,104195.20,8.65
2018-09-21 00:00:00,8.65,8.90,8.59,8.79,133520.08,8.79
2018-09-25 00:00:00,8.68,8.73,8.63,8.66,66119.00,8.66
2018-09-26 00:00:00,8.67,8.82,8.64,8.68,120185.19,8.68
2018-09-27 00:00:00,8.65,8.72,8.58,8.58,90728.02,8.58
2018-09-28 00:00:00,8.59,8.75,8.55,8.70,94713.02,8.70
2018-10-08 00:00:00,8.58,8.58,8.34,8.39,94695.90,8.39
2018-10-09 00:00:00,8.43,8.47,8.35,8.42,62868.02,8.42
2018-10-10 00:00:00,8.40,8.76,8.39,8.64,127280.18,8.64
2018-10-11 00:00:00,8.46,9.08,8.41,8.74,413074.67,8.74
2018-10-12 00:00:00,8.60,9.09,8.18,9.02,368924.49,9.02
2018-10-15 00:00:00,9.25,9.37,8.92,8.95,287352.75,8.95
2018-10-16 00:00:00,8.93,9.04,8.62,8.87,196915.09,8.87
2018-10-17 00:00:00,8.99,9.02,8.74,8.97,190111.53,8.97
2018-10-18 00:00:00,8.83,8.93,8.55,8.58,163745.00,8.58
2018-10-19 00:00:00,8.35,8.87,8.20,8.81,164817.34,8.81
2018-10-22 00:00:00,8.83,9.32,8.80,9.23,277604.58,9.23
2018-10-23 00:00:00,9.23,9.23,8.92,8.95,197117.48,8.95
2018-10-24 00:00:00,8.88,9.08,8.83,8.93,121994.13,8.93
2018-10-25 00:00:00,8.59,8.84,8.52,8.78,139996.00,8.78
2018-10-26 00:00:00,8.91,9.07,8.80,8.96,149252.02,8.96
2018-10-29 00:00:00,8.99,9.13,8.79,8.85,144478.00,8.85
2018-10-30 00:00:00,8.80,9.01,8.50,8.95,128079.00,8.95
2018-10-31 00:00:00,9.04,9.29,8.96,9.24,294584.05,9.24
2018-11-01 00:00:00,9.40,9.44,9.14,9.14,269753.01,9.14
2018-11-02 00:00:00,9.30,9.44,9.13,9.39,299700.48,9.39
2018-11-05 00:00:00,9.32,9.56,9.30,9.48,231221.64,9.48
2018-11-06 00:00:00,9.47,9.47,9.33,9.45,120335.71,9.45
2018-11-07 00:00:00,9.45,9.54,9.22,9.45,190091.01,9.45
2018-11-08 00:00:00,9.47,9.52,9.29,9.31,132430.01,9.31
2018-11-09 00:00:00,9.30,9.35,9.17,9.21,85186.34,9.21
2018-11-12 00:00:00,9.22,9.33,9.13,9.33,108882.92,9.33
2018-11-13 00:00:00,9.19,9.42,9.15,9.37,135530.95,9.37
2018-11-14 00:00:00,9.35,9.55,9.27,9.32,168772.03,9.32
2018-11-15 00:00:00,9.26,9.39,9.23,9.39,126984.37,9.39
2018-11-16 00:00:00,9.39,9.40,9.25,9.31,151908.31,9.31
2018-11-19 00:00:00,9.30,9.61,9.23,9.61,244305.33,9.61
2018-11-20 00:00:00,9.50,9.57,9.25,9.25,166076.02,9.25
2018-11-21 00:00:00,9.15,9.29,9.10,9.23,95071.00,9.23
2018-11-22 00:00:00,9.24,9.28,9.15,9.17,70327.25,9.17
2018-11-23 00:00:00,9.20,9.29,8.90,8.91,118970.60,8.91
2018-11-26 00:00:00,8.89,9.15,8.88,8.96,77975.50,8.96
2018-11-27 00:00:00,9.01,9.38,8.86,9.15,132805.33,9.15
2018-11-28 00:00:00,9.08,9.18,9.04,9.16,67447.11,9.16
2018-11-29 00:00:00,9.29,9.33,8.96,8.96,98591.11,8.96
2018-11-30 00:00:00,8.91,9.03,8.88,8.99,58559.67,8.99
2018-12-03 00:00:00,9.17,9.23,9.08,9.14,104437.00,9.14
2018-12-04 00:00:00,9.13,9.16,9.07,9.13,78087.05,9.13
2018-12-05 00:00:00,8.99,9.08,8.91,8.99,68905.70,8.99
2018-12-06 00:00:00,9.00,9.03,8.89,8.89,63486.31,8.89
2018-12-07 00:00:00,8.90,8.98,8.88,8.94,37001.58,8.94
2018-12-10 00:00:00,8.86,8.94,8.77,8.78,44917.62,8.78
2018-12-11 00:00:00,8.82,8.84,8.66,8.71,69656.83,8.71
2018-12-12 00:00:00,8.76,8.79,8.71,8.75,37040.37,8.75
2018-12-13 00:00:00,8.78,9.04,8.70,8.90,127135.56,8.90
2018-12-14 00:00:00,8.86,8.90,8.67,8.68,90168.78,8.68
2018-12-17 00:00:00,8.61,8.81,8.61,8.72,46959.65,8.72
2018-12-18 00:00:00,8.67,8.76,8.61,8.68,42349.00,8.68
2018-12-19 00:00:00,8.71,8.73,8.57,8.58,40261.87,8.58
2018-12-20 00:00:00,8.60,8.61,8.51,8.54,36932.65,8.54
2018-12-21 00:00:00,8.54,8.57,8.38,8.40,47483.86,8.40
2018-12-24 00:00:00,8.40,8.48,8.38,8.46,33791.09,8.46
2018-12-25 00:00:00,8.41,8.86,8.25,8.63,108413.63,8.63
2018-12-26 00:00:00,8.58,8.63,8.52,8.55,52513.75,8.55
2018-12-27 00:00:00,8.66,8.69,8.41,8.41,51507.82,8.41
2018-12-28 00:00:00,8.48,8.49,8.37,8.44,30533.95,8.44
2019-01-02 00:00:00,8.45,8.52,8.37,8.42,36908.97,8.42
2019-01-03 00:00:00,8.46,8.50,8.33,8.37,38295.46,8.37
2019-01-04 00:00:00,8.32,8.54,8.18,8.50,65247.19,8.50
2019-01-07 00:00:00,8.53,8.59,8.50,8.57,67753.21,8.57
2019-01-08 00:00:00,8.56,8.75,8.46,8.56,85550.71,8.56
2019-01-09 00:00:00,8.54,8.67,8.53,8.55,80778.71,8.55
2019-01-10 00:00:00,8.59,8.59,8.42,8.42,66996.66,8.42
2019-01-11 00:00:00,8.42,8.70,8.38,8.59,108819.02,8.59
2019-01-14 00:00:00,8.55,8.63,8.53,8.55,64955.31,8.55
2019-01-15 00:00:00,8.53,8.65,8.48,8.60,68189.84,8.60
2019-01-16 00:00:00,8.63,8.66,8.57,8.59,61046.17,8.59
2019-01-17 00:00:00,8.63,8.64,8.52,8.57,53313.91,8.57
2019-01-18 00:00:00,8.98,8.98,8.76,8.86,248048.20,8.86
2019-01-21 00:00:00,9.00,9.06,8.85,8.91,154613.00,8.91
2019-01-22 00:00:00,8.93,9.08,8.85,8.94,154362.04,8.94
2019-01-23 00:00:00,8.93,8.94,8.83,8.92,98428.13,8.92
2019-01-24 00:00:00,8.88,8.91,8.75,8.79,99000.45,8.79
2019-01-25 00:00:00,8.79,8.84,8.75,8.75,79816.72,8.75
2019-01-28 00:00:00,8.80,8.88,8.75,8.75,67723.15,8.75
2019-01-29 00:00:00,8.75,8.92,8.68,8.91,140539.16,8.91
2019-01-30 00:00:00,8.88,8.95,8.68,8.70,108544.28,8.70
2019-01-31 00:00:00,8.74,8.84,8.69,8.77,90144.72,8.77
2019-02-01 00:00:00,8.82,8.99,8.77,8.98,116584.72,8.98
2019-02-11 00:00:00,9.00,9.13,8.96,9.11,169154.66,9.11
2019-02-12 00:00:00,9.09,9.13,9.02,9.08,123331.00,9.08
2019-02-13 00:00:00,9.08,9.24,9.06,9.17,192744.11,9.17
2019-02-14 00:00:00,9.13,9.17,9.03,9.09,133215.18,9.09
2019-02-15 00:00:00,9.07,9.10,8.98,8.99,105375.91,8.99
2019-02-18 00:00:00,9.04,9.20,9.03,9.17,178668.91,9.17
2019-02-19 00:00:00,9.18,9.26,9.08,9.16,132445.67,9.16
2019-02-20 00:00:00,9.15,9.22,9.10,9.21,120283.42,9.21
2019-02-21 00:00:00,9.18,9.24,9.08,9.09,148112.34,9.09
2019-02-22 00:00:00,9.09,9.14,8.98,9.12,145595.20,9.12
2019-02-25 00:00:00,9.14,9.50,9.11,9.49,352892.54,9.49
2019-02-26 00:00:00,9.45,10.05,9.33,9.65,430400.68,9.65
2019-02-27 00:00:00,9.58,9.83,9.44,9.57,244827.09,9.57
2019-02-28 00:00:00,9.58,9.79,9.52,9.75,209067.60,9.75
2019-03-01 00:00:00,9.80,10.30,9.76,10.05,424974.08,10.05
2019-03-04 00:00:00,10.20,10.48,10.11,10.26,473602.05,10.26
2019-03-05 00:00:00,10.26,10.31,10.09,10.25,272726.04,10.25
2019-03-06 00:00:00,10.21,10.36,10.11,10.28,293436.91,10.28
2019-03-07 00:00:00,10.22,10.29,10.07,10.18,285305.45,10.18
2019-03-08 00:00:00,10.01,10.12,9.67,9.68,240333.23,9.68
2019-03-11 00:00:00,9.67,9.95,9.67,9.92,136493.94,9.92
2019-03-12 00:00:00,9.96,10.15,9.91,10.07,207962.25,10.07
2019-03-13 00:00:00,10.07,10.45,9.91,10.36,348354.78,10.36
2019-03-14 00:00:00,10.45,11.10,10.37,10.85,599112.53,10.85
2019-03-15 00:00:00,10.84,11.10,10.60,10.83,463355.57,10.83
2019-03-18 00:00:00,10.60,11.05,10.60,10.93,351340.78,10.93
2019-03-19 00:00:00,10.86,11.03,10.72,10.82,222269.00,10.82
2019-03-20 00:00:00,10.74,11.24,10.73,11.19,425012.16,11.19
2019-03-21 00:00:00,11.25,11.34,10.98,11.20,353855.08,11.20
2019-03-22 00:00:00,11.07,11.16,10.80,10.97,201316.20,10.97
2019-03-25 00:00:00,10.69,10.85,10.58,10.62,167412.01,10.62
2019-03-26 00:00:00,10.70,10.90,10.55,10.57,152379.02,10.57
2019-03-27 00:00:00,10.61,11.63,10.50,11.56,524841.99,11.56
2019-03-28 00:00:00,11.20,11.98,11.06,11.12,480042.07,11.12
2019-03-29 00:00:00,11.12,11.43,11.04,11.37,364525.37,11.37
2019-04-01 00:00:00,11.51,12.10,11.49,11.84,462779.49,11.84
2019-04-02 00:00:00,11.85,12.38,11.80,12.36,465037.86,12.36
2019-04-03 00:00:00,12.30,13.28,12.18,12.96,428551.85,12.96
2019-04-04 00:00:00,13.15,13.49,12.75,12.96,487307.23,12.96
2019-04-08 00:00:00,13.16,14.26,12.97,14.26,585236.73,14.26
2019-04-09 00:00:00,14.70,14.70,13.80,14.29,610380.73,14.29
2019-04-10 00:00:00,14.28,14.69,14.03,14.15,422485.07,14.15
2019-04-11 00:00:00,13.90,13.91,12.96,13.01,557179.25,13.01
2019-04-12 00:00:00,13.07,13.45,12.83,13.32,327800.24,13.32
2019-04-15 00:00:00,13.88,13.98,13.21,13.30,351655.61,13.30
2019-04-16 00:00:00,13.07,13.75,13.07,13.67,314509.04,13.67
2019-04-17 00:00:00,13.55,13.75,13.30,13.58,330104.62,13.58
2019-04-18 00:00:00,13.53,14.08,13.51,13.82,347050.22,13.82
2019-04-19 00:00:00,13.73,13.85,13.23,13.49,299173.92,13.49
2019-04-22 00:00:00,13.48,13.48,12.84,12.90,375148.88,12.90
2019-04-23 00:00:00,12.85,13.07,12.71,12.86,182147.25,12.86
2019-04-24 00:00:00,12.90,12.98,12.61,12.84,160010.85,12.84
2019-04-25 00:00:00,12.79,12.84,12.12,12.26,217641.01,12.26
2019-04-26 00:00:00,12.34,12.67,12.27,12.54,206615.41,12.54
2019-04-29 00:00:00,12.57,12.85,12.40,12.45,207981.74,12.45
2019-04-30 00:00:00,12.51,12.55,12.27,12.52,172450.29,12.52
2019-05-06 00:00:00,12.00,12.09,11.27,11.30,250601.46,11.30
2019-05-07 00:00:00,11.43,11.65,11.36,11.57,159812.00,11.57
2019-05-08 00:00:00,11.31,11.64,11.26,11.37,125049.79,11.37
2019-05-09 00:00:00,11.35,11.59,11.30,11.47,128213.91,11.47
2019-05-10 00:00:00,11.61,11.95,11.36,11.94,199724.16,11.94
2019-05-13 00:00:00,11.75,11.88,11.65,11.76,108333.88,11.76
2019-05-14 00:00:00,11.61,11.83,11.59,11.73,92091.00,11.73
2019-05-15 00:00:00,11.87,12.21,11.81,12.14,207988.03,12.14
2019-05-16 00:00:00,12.13,12.63,12.05,12.59,231999.14,12.59
2019-05-17 00:00:00,12.59,12.59,11.94,11.96,195039.52,11.96
2019-05-20 00:00:00,11.50,11.80,11.27,11.78,136451.00,11.78
2019-05-21 00:00:00,11.71,12.34,11.70,12.22,202817.08,12.22
2019-05-22 00:00:00,12.00,12.22,11.90,12.01,124735.71,12.01
2019-05-23 00:00:00,12.00,12.13,11.82,11.88,97187.00,11.88
2019-05-24 00:00:00,11.78,11.99,11.72,11.88,70353.53,11.88
2019-05-27 00:00:00,11.89,12.27,11.73,12.23,149857.19,12.23
2019-05-28 00:00:00,12.21,12.55,12.13,12.27,163154.28,12.27
2019-05-29 00:00:00,12.15,12.49,12.12,12.34,139049.60,12.34
2019-05-30 00:00:00,12.20,12.20,11.66,11.90,156568.05,11.90
2019-05-31 00:00:00,11.88,11.96,11.78,11.80,76966.20,11.80
2019-06-03 00:00:00,11.87,11.96,11.78,11.83,75926.15,11.83
2019-06-04 00:00:00,11.76,11.81,11.21,11.26,144695.23,11.26
2019-06-05 00:00:00,11.36,11.44,11.20,11.20,67172.00,11.20
2019-06-06 00:00:00,11.17,11.32,11.11,11.17,61374.94,11.17
2019-06-10 00:00:00,11.25,11.34,11.14,11.31,51911.76,11.31
2019-06-11 00:00:00,11.40,12.44,11.40,12.41,307647.49,12.41
2019-06-12 00:00:00,12.28,12.48,12.03,12.10,223210.23,12.10
2019-06-13 00:00:00,12.10,12.20,11.94,12.18,118407.84,12.18
2019-06-14 00:00:00,12.15,12.18,11.72,11.76,122029.46,11.76
2019-06-17 00:00:00,11.75,11.85,11.65,11.72,68897.46,11.72
2019-06-18 00:00:00,11.73,11.83,11.67,11.77,55018.60,11.77
2019-06-19 00:00:00,12.05,12.12,11.79,11.82,102143.28,11.82
2019-06-20 00:00:00,11.81,12.26,11.71,12.17,195302.40,12.17
2019-06-21 00:00:00,12.28,12.31,12.07,12.23,146185.56,12.23
2019-06-24 00:00:00,12.15,12.21,12.07,12.21,77486.00,12.21
2019-06-25 00:00:00,12.22,12.26,11.78,11.97,96387.60,11.97
2019-06-26 00:00:00,11.84,12.11,11.81,11.94,52864.00,11.94
2019-06-27 00:00:00,11.96,12.25,11.95,12.16,107222.00,12.16
2019-06-28 00:00:00,12.20,12.49,12.07,12.27,234957.22,12.27
2019-07-01 00:00:00,12.55,12.59,12.32,12.57,242951.99,12.57
2019-07-02 00:00:00,12.52,12.79,12.45,12.58,188795.70,12.58
2019-07-03 00:00:00,12.51,12.73,12.45,12.57,141147.09,12.57
2019-07-04 00:00:00,12.59,12.79,12.57,12.72,174830.48,12.72
2019-07-05 00:00:00,12.68,12.73,12.44,12.58,119561.52,12.58
2019-07-08 00:00:00,12.55,12.55,12.05,12.10,136303.01,12.10
2019-07-09 00:00:00,12.11,12.18,11.87,12.07,84724.62,12.07
2019-07-10 00:00:00,12.20,12.25,11.65,11.75,135051.01,11.75
2019-07-11 00:00:00,11.81,11.95,11.68,11.90,89983.28,11.90
2019-07-12 00:00:00,11.88,11.98,11.85,11.95,73510.15,11.95
2019-07-15 00:00:00,12.25,12.84,12.25,12.66,360219.64,12.66
2019-07-16 00:00:00,12.70,12.96,12.57,12.82,264593.89,12.82
2019-07-17 00:00:00,12.85,13.17,12.82,12.97,269192.68,12.97
2019-07-18 00:00:00,12.92,13.20,12.89,12.98,247426.19,12.98
2019-07-19 00:00:00,13.10,13.43,13.10,13.23,205581.28,13.23
2019-07-22 00:00:00,13.22,13.42,12.95,12.97,182407.14,12.97
2019-07-23 00:00:00,13.12,13.19,12.92,13.10,132685.00,13.10
2019-07-24 00:00:00,13.16,13.35,12.96,13.03,170940.20,13.03
2019-07-25 00:00:00,12.97,13.05,12.85,13.00,153657.85,13.00
2019-07-26 00:00:00,12.94,13.14,12.91,13.05,116367.91,13.05
2019-07-29 00:00:00,13.08,13.08,12.80,13.01,102076.51,13.01
2019-07-30 00:00:00,13.01,13.13,12.90,13.00,95779.51,13.00
2019-07-31 00:00:00,12.91,12.94,12.63,12.67,126740.90,12.67
2019-08-01 00:00:00,12.60,12.64,12.44,12.55,91721.07,12.55
2019-08-02 00:00:00,12.31,12.42,12.22,12.36,101277.26,12.36
2019-08-05 00:00:00,12.28,12.45,12.03,12.05,141069.84,12.05
2019-08-06 00:00:00,11.84,12.07,11.53,12.01,165994.67,12.01
2019-08-07 00:00:00,12.06,12.10,11.75,11.79,108173.73,11.79
2019-08-08 00:00:00,11.88,11.97,11.74,11.77,124590.00,11.77
2019-08-09 00:00:00,11.85,11.98,11.55,11.59,141194.04,11.59
2019-08-12 00:00:00,11.63,11.71,11.55,11.68,87135.00,11.68
2019-08-13 00:00:00,11.60,11.65,11.45,11.49,80444.00,11.49
2019-08-14 00:00:00,11.65,11.76,11.57,11.62,112214.86,11.62
2019-08-15 00:00:00,11.33,11.76,11.33,11.74,121359.95,11.74
2019-08-16 00:00:00,11.71,11.92,11.64,11.86,108806.70,11.86
2019-08-19 00:00:00,12.10,12.27,11.96,12.25,164547.22,12.25
2019-08-20 00:00:00,12.24,12.46,12.22,12.46,163231.00,12.46
2019-08-21 00:00:00,12.39,12.59,12.36,12.51,148551.02,12.51
2019-08-22 00:00:00,12.62,12.65,12.37,12.48,101981.85,12.48
2019-08-23 00:00:00,12.51,12.78,12.44,12.77,192245.51,12.77
2019-08-26 00:00:00,12.53,12.63,12.26,12.32,187811.45,12.32
2019-08-27 00:00:00,12.38,12.58,12.38,12.52,129346.36,12.52
2019-08-28 00:00:00,12.49,12.63,12.49,12.54,96588.00,12.54
2019-08-29 00:00:00,12.57,12.58,12.34,12.36,110011.61,12.36
2019-08-30 00:00:00,12.44,12.50,12.03,12.04,130200.90,12.04
2019-09-02 00:00:00,12.14,12.75,12.02,12.64,234807.06,12.64
2019-09-03 00:00:00,12.70,13.32,12.65,12.95,311317.67,12.95
2019-09-04 00:00:00,12.99,13.25,12.95,13.20,258550.47,13.20
2019-09-05 00:00:00,13.40,13.44,13.07,13.11,248207.65,13.11
2019-09-06 00:00:00,13.16,13.28,13.03,13.19,155322.41,13.19
2019-09-09 00:00:00,13.26,13.59,13.18,13.40,213812.47,13.40
2019-09-10 00:00:00,13.39,13.64,13.32,13.40,140527.45,13.40
2019-09-11 00:00:00,13.43,13.49,13.11,13.17,142586.07,13.17
2019-09-12 00:00:00,13.36,13.75,13.33,13.53,210093.56,13.53
2019-09-16 00:00:00,13.54,13.97,13.44,13.67,228078.59,13.67
2019-09-17 00:00:00,13.58,13.60,13.22,13.33,148517.60,13.33
2019-09-18 00:00:00,13.44,13.47,13.26,13.39,106761.00,13.39
2019-09-19 00:00:00,13.45,13.45,13.25,13.42,90572.06,13.42
2019-09-20 00:00:00,13.45,13.72,13.36,13.66,160039.20,13.66
2019-09-23 00:00:00,13.67,13.67,13.32,13.54,135904.00,13.54
2019-09-24 00:00:00,13.56,13.95,13.51,13.87,180321.67,13.87
2019-09-25 00:00:00,13.77,13.84,13.61,13.83,133457.98,13.83
2019-09-26 00:00:00,13.93,14.16,13.52,13.59,231732.07,13.59
2019-09-27 00:00:00,13.58,13.67,13.38,13.60,102002.85,13.60
2019-09-30 00:00:00,13.60,13.94,13.43,13.43,129567.45,13.43
2019-10-08 00:00:00,13.56,14.77,13.52,14.77,510379.89,14.77
2019-10-09 00:00:00,14.98,15.29,14.60,15.29,556387.54,15.29
2019-10-10 00:00:00,15.12,15.42,14.84,15.37,452407.89,15.37
2019-10-11 00:00:00,15.29,16.35,15.13,16.05,468369.77,16.05
2019-10-14 00:00:00,16.00,16.50,15.75,16.38,337597.92,16.38
2019-10-15 00:00:00,15.99,16.07,15.29,15.40,442664.23,15.40
2019-10-16 00:00:00,15.55,15.73,15.32,15.56,283309.01,15.56
2019-10-17 00:00:00,15.33,15.55,15.17,15.49,184147.97,15.49
2019-10-18 00:00:00,15.49,15.56,14.77,14.81,330153.75,14.81
2019-10-21 00:00:00,14.81,15.07,14.74,14.99,177786.58,14.99
2019-10-22 00:00:00,15.02,15.08,14.66,14.99,184917.70,14.99
2019-10-23 00:00:00,14.91,15.29,14.87,15.01,232644.60,15.01
2019-10-24 00:00:00,14.90,15.18,14.77,15.11,165504.33,15.11
2019-10-25 00:00:00,15.11,15.27,14.81,15.00,152277.71,15.00
2019-10-28 00:00:00,14.89,14.89,14.43,14.73,237493.80,14.73
2019-10-29 00:00:00,14.63,14.81,14.45,14.47,171615.04,14.47
2019-10-30 00:00:00,14.49,14.74,14.20,14.72,208658.78,14.72
2019-10-31 00:00:00,14.64,14.83,14.49,14.55,174236.54,14.55
2019-11-01 00:00:00,14.62,15.13,14.48,15.05,225415.19,15.05
2019-11-04 00:00:00,15.13,15.67,15.12,15.50,279273.12,15.50
2019-11-05 00:00:00,15.50,15.76,15.30,15.40,262638.31,15.40
2019-11-06 00:00:00,15.40,15.56,15.18,15.46,154464.58,15.46
2019-11-07 00:00:00,15.38,15.72,15.37,15.46,169425.70,15.46
2019-11-08 00:00:00,15.50,15.57,15.00,15.00,191352.55,15.00
2019-11-11 00:00:00,14.88,14.88,14.22,14.28,237402.29,14.28
2019-11-12 00:00:00,14.38,14.50,14.11,14.41,146637.06,14.41
2019-11-13 00:00:00,14.42,14.53,14.26,14.36,102215.41,14.36
2019-11-14 00:00:00,14.58,14.95,14.55,14.68,174253.41,14.68
2019-11-15 00:00:00,14.67,14.75,14.40,14.50,114601.09,14.50
2019-11-18 00:00:00,14.52,14.61,14.26,14.51,118972.49,14.51
2019-11-19 00:00:00,14.65,15.96,14.60,15.96,577758.26,15.96
2019-11-20 00:00:00,15.80,16.09,15.70,15.96,372236.29,15.96
2019-11-21 00:00:00,15.87,16.22,15.80,16.16,261588.68,16.16
2019-11-22 00:00:00,16.29,16.32,15.45,15.66,337406.27,15.66
2019-11-25 00:00:00,15.95,17.15,15.91,16.97,529150.77,16.97
2019-11-26 00:00:00,16.78,16.98,15.80,16.57,387775.13,16.57
2019-11-27 00:00:00,16.65,16.88,16.31,16.54,201811.82,16.54
2019-11-28 00:00:00,16.60,16.75,16.07,16.18,221256.17,16.18
2019-11-29 00:00:00,16.34,16.42,15.85,15.90,190072.22,15.90
2019-12-02 00:00:00,16.22,16.59,16.09,16.16,204224.60,16.16
2019-12-03 00:00:00,16.04,16.14,15.72,16.09,144121.16,16.09
2019-12-04 00:00:00,15.99,16.12,15.76,15.85,132236.02,15.85
2019-12-05 00:00:00,16.01,16.27,15.85,16.17,199547.90,16.17
2019-12-06 00:00:00,16.25,16.28,15.85,16.16,175150.50,16.16
2019-12-09 00:00:00,16.29,16.87,16.29,16.76,310537.55,16.76
2019-12-10 00:00:00,16.60,16.85,16.53,16.70,194445.72,16.70
2019-12-11 00:00:00,16.77,17.05,16.64,16.90,206945.58,16.90
2019-12-12 00:00:00,16.84,16.87,16.42,16.48,195668.26,16.48
2019-12-13 00:00:00,16.64,16.75,16.46,16.61,153403.16,16.61
2019-12-16 00:00:00,16.71,16.76,16.38,16.69,163579.67,16.69
2019-12-17 00:00:00,16.72,17.06,16.55,17.04,253308.26,17.04
2019-12-18 00:00:00,16.95,17.07,16.82,16.87,176665.36,16.87
2019-12-19 00:00:00,16.98,17.50,16.89,16.93,215796.05,16.93
2019-12-20 00:00:00,16.93,16.95,16.61,16.69,157072.24,16.69
2019-12-23 00:00:00,16.74,17.34,16.67,16.68,207542.42,16.68
2019-12-24 00:00:00,16.71,16.90,16.51,16.90,130338.52,16.90
2019-12-25 00:00:00,16.85,17.14,16.77,17.02,133745.08,17.02
2019-12-26 00:00:00,17.00,17.39,16.95,17.22,179856.72,17.22
2019-12-27 00:00:00,17.24,17.31,16.75,16.90,218809.75,16.90
2019-12-30 00:00:00,17.11,17.49,17.06,17.46,299461.04,17.46
2019-12-31 00:00:00,17.51,18.68,17.30,18.29,344912.08,18.29
2020-01-02 00:00:00,18.51,19.01,18.19,18.48,336726.15,18.48
2020-01-03 00:00:00,18.30,18.42,18.08,18.30,165917.77,18.30
2020-01-06 00:00:00,18.23,18.44,17.90,18.09,188456.17,18.09
2020-01-07 00:00:00,18.47,18.88,18.31,18.44,258791.24,18.44
2020-01-08 00:00:00,18.36,18.36,18.02,18.11,172465.70,18.11
2020-01-09 00:00:00,18.38,18.80,18.33,18.57,168311.72,18.57
2020-01-10 00:00:00,18.66,19.47,18.51,19.31,233086.62,19.31
2020-01-13 00:00:00,19.30,19.77,18.80,19.58,218205.21,19.58
2020-01-14 00:00:00,19.50,19.66,19.21,19.21,161551.50,19.21
2020-01-15 00:00:00,19.14,19.35,18.87,19.20,117875.46,19.20
2020-01-16 00:00:00,19.22,19.61,19.05,19.20,140754.29,19.20
2020-01-17 00:00:00,19.19,19.33,18.78,18.86,135234.46,18.86
2020-01-20 00:00:00,18.94,19.07,18.70,18.91,125189.88,18.91
2020-01-21 00:00:00,18.79,18.89,18.11,18.18,178541.56,18.18
2020-01-22 00:00:00,18.00,18.27,17.80,18.14,162195.13,18.14
2020-01-23 00:00:00,17.92,17.92,17.04,17.26,207068.82,17.26
2020-02-03 00:00:00,15.53,15.81,15.53,15.53,255504.00,15.53
2020-02-04 00:00:00,15.50,16.37,15.50,16.24,221148.28,16.24
2020-02-05 00:00:00,16.33,16.66,16.12,16.29,206943.39,16.29
2020-02-06 00:00:00,16.40,16.58,16.04,16.43,180877.35,16.43
2020-02-07 00:00:00,16.27,16.34,16.10,16.30,121604.05,16.30
2020-02-10 00:00:00,16.20,17.88,16.15,17.80,330162.73,17.80
2020-02-11 00:00:00,17.66,17.66,17.15,17.34,242047.01,17.34
2020-02-12 00:00:00,17.34,17.67,17.22,17.64,172063.99,17.64
2020-02-13 00:00:00,17.78,18.29,17.56,17.82,219442.07,17.82
2020-02-14 00:00:00,17.68,18.25,17.66,18.23,205826.38,18.23
2020-02-17 00:00:00,18.21,18.73,18.05,18.71,225031.84,18.71
2020-02-18 00:00:00,18.62,18.63,18.19,18.55,199429.91,18.55
2020-02-19 00:00:00,18.40,19.07,18.34,18.55,221015.41,18.55
2020-02-20 00:00:00,18.55,18.75,18.16,18.64,206909.55,18.64
2020-02-21 00:00:00,18.60,18.74,18.33,18.56,202080.28,18.56
2020-02-24 00:00:00,18.70,19.10,18.58,18.62,241286.25,18.62
2020-02-25 00:00:00,18.09,18.43,17.92,18.26,219303.35,18.26
2020-02-26 00:00:00,18.10,19.62,18.01,19.17,396418.65,19.17
2020-02-27 00:00:00,19.30,20.40,19.30,20.13,455108.90,20.13
2020-02-28 00:00:00,19.01,20.41,19.01,19.26,316984.09,19.26
2020-03-02 00:00:00,19.59,21.19,19.59,21.19,386717.95,21.19
2020-03-03 00:00:00,22.48,22.48,20.63,21.50,544790.13,21.50
2020-03-04 00:00:00,21.11,22.93,20.89,22.80,375678.52,22.80
2020-03-05 00:00:00,22.90,23.64,22.35,22.81,357819.10,22.81
2020-03-06 00:00:00,22.20,22.67,21.75,22.03,301857.65,22.03
2020-03-09 00:00:00,21.30,21.71,20.65,20.69,265462.52,20.69
2020-03-10 00:00:00,20.80,21.95,20.72,21.85,282377.48,21.85
2020-03-11 00:00:00,21.64,21.76,20.98,21.06,204335.07,21.06
2020-03-12 00:00:00,20.66,21.08,20.22,20.55,155553.58,20.55
2020-03-13 00:00:00,19.49,20.42,19.14,19.97,190466.04,19.97
2020-03-16 00:00:00,20.15,20.41,18.70,18.95,201533.63,18.95
2020-03-17 00:00:00,19.30,19.50,18.04,18.82,199457.82,18.82
2020-03-18 00:00:00,19.03,20.10,18.92,19.20,272569.60,19.20
2020-03-19 00:00:00,19.25,19.79,18.66,19.79,212702.90,19.79
2020-03-20 00:00:00,20.12,20.66,19.90,20.48,241072.91,20.48
2020-03-23 00:00:00,19.69,20.80,19.58,20.02,248330.85,20.02
2020-03-24 00:00:00,20.59,20.67,19.97,20.58,191060.53,20.58
2020-03-25 00:00:00,21.08,21.19,20.40,20.71,179778.42,20.71
2020-03-26 00:00:00,20.36,20.64,20.00,20.11,129836.16,20.11
2020-03-27 00:00:00,20.28,20.73,19.89,20.34,162342.21,20.34
2020-03-30 00:00:00,19.94,20.45,19.79,20.07,158094.25,20.07
2020-03-31 00:00:00,20.27,20.34,19.53,19.62,124273.05,19.62
2020-04-01 00:00:00,19.50,20.21,19.38,19.70,121529.69,19.70
2020-04-02 00:00:00,19.52,19.79,19.29,19.79,122330.04,19.79
2020-04-03 00:00:00,19.68,19.99,19.40,19.48,108604.03,19.48
2020-04-07 00:00:00,20.00,21.42,19.86,21.25,361306.65,21.25
2020-04-08 00:00:00,20.98,21.44,20.67,21.42,226400.09,21.42
2020-04-09 00:00:00,21.50,21.66,21.03,21.32,159572.68,21.32
2020-04-10 00:00:00,21.55,21.87,21.08,21.20,210080.47,21.20
2020-04-13 00:00:00,21.23,22.39,21.23,22.06,257639.64,22.06
2020-04-14 00:00:00,22.00,22.55,21.70,22.25,202578.61,22.25
2020-04-15 00:00:00,22.52,22.77,22.12,22.29,195822.95,22.29
2020-04-16 00:00:00,22.00,22.79,21.88,22.50,204468.50,22.50
2020-04-17 00:00:00,22.77,24.21,22.61,23.55,265605.89,23.55
2020-04-20 00:00:00,23.98,25.74,23.85,25.03,335915.53,25.03
2020-04-21 00:00:00,24.80,25.70,24.65,25.38,271672.51,25.38
2020-04-22 00:00:00,25.20,25.40,24.75,25.09,205336.33,25.09
2020-04-23 00:00:00,25.10,25.24,24.31,24.44,208819.07,24.44
2020-04-24 00:00:00,24.44,24.85,24.01,24.12,161663.48,24.12
2020-04-27 00:00:00,24.55,25.62,24.26,24.95,220455.60,24.95
2020-04-28 00:00:00,25.30,25.71,24.78,25.11,209900.43,25.11
2020-04-29 00:00:00,25.04,26.37,24.87,25.78,192114.80,25.78
2020-04-30 00:00:00,25.93,26.00,25.30,25.49,148381.96,25.49
2020-05-06 00:00:00,25.30,25.69,25.08,25.56,141290.07,25.56
2020-05-07 00:00:00,25.82,26.94,25.82,26.82,230480.86,26.82
2020-05-08 00:00:00,26.51,27.13,26.51,26.71,162496.53,26.71
2020-05-11 00:00:00,27.13,28.40,27.11,27.71,226348.02,27.71
2020-05-12 00:00:00,28.01,28.25,27.25,27.99,169784.84,27.99
2020-05-13 00:00:00,27.72,28.19,27.39,28.19,134748.90,28.19
2020-05-14 00:00:00,28.10,28.10,27.03,27.61,187061.26,27.61
2020-05-15 00:00:00,27.62,27.70,26.70,27.43,177990.24,27.43
2020-05-18 00:00:00,27.40,27.40,26.01,26.45,206947.91,26.45
2020-05-19 00:00:00,26.56,26.79,26.10,26.33,135559.89,26.33
2020-05-20 00:00:00,26.31,26.31,25.55,25.90,170301.47,25.90
2020-05-21 00:00:00,25.92,26.86,25.63,26.24,177195.28,26.24
2020-05-22 00:00:00,26.32,26.70,24.83,24.92,184556.43,24.92
2020-05-25 00:00:00,24.91,25.30,24.21,25.03,121315.81,25.03
2020-05-26 00:00:00,25.20,25.34,24.81,25.29,107509.55,25.29
2020-05-27 00:00:00,25.21,25.25,24.56,24.78,90079.33,24.78
2020-05-28 00:00:00,24.56,25.70,24.56,25.11,130058.93,25.11
2020-05-29 00:00:00,24.89,24.91,24.28,24.48,108185.89,24.48
2020-06-01 00:00:00,24.58,25.34,24.50,25.32,131806.86,25.32
2020-06-02 00:00:00,25.30,25.31,24.84,25.19,105885.13,25.19
2020-06-03 00:00:00,25.24,25.75,24.68,24.71,148609.13,24.71
2020-06-04 00:00:00,24.61,24.79,23.76,23.78,176588.26,23.78
2020-06-05 00:00:00,23.70,24.08,23.40,23.90,125058.84,23.90
2020-06-08 00:00:00,23.96,24.05,23.41,23.50,116356.01,23.50
2020-06-09 00:00:00,23.30,23.67,23.30,23.47,106331.48,23.47
2020-06-10 00:00:00,23.47,24.49,23.31,24.28,227003.24,24.28
2020-06-11 00:00:00,24.29,24.29,23.41,23.58,185824.43,23.58
2020-06-12 00:00:00,23.03,23.31,22.94,23.23,121102.70,23.23
2020-06-15 00:00:00,23.00,23.51,22.80,23.01,120793.33,23.01
2020-06-16 00:00:00,23.22,23.80,22.90,23.65,201531.96,23.65
2020-06-17 00:00:00,23.69,23.70,23.00,23.38,153715.77,23.38
2020-06-18 00:00:00,23.38,23.58,23.05,23.47,94819.81,23.47
2020-06-19 00:00:00,23.49,23.49,22.88,23.21,197059.08,23.21
2020-06-22 00:00:00,23.06,23.32,22.90,23.12,118016.28,23.12
2020-06-23 00:00:00,23.17,23.45,23.09,23.17,122125.25,23.17
2020-06-24 00:00:00,23.06,24.25,23.06,23.99,277228.70,23.99
2020-06-29 00:00:00,23.84,23.90,23.10,23.40,181895.13,23.40
2020-06-30 00:00:00,23.51,23.76,23.32,23.61,137638.98,23.61
2020-07-01 00:00:00,23.69,25.26,23.60,25.19,328486.92,25.19
2020-07-02 00:00:00,25.00,25.85,24.92,25.47,292832.33,25.47
2020-07-03 00:00:00,25.48,26.50,25.30,25.54,272030.55,25.54
2020-07-06 00:00:00,25.55,26.40,25.30,26.22,330863.23,26.22
2020-07-07 00:00:00,26.08,26.50,25.60,25.82,315105.60,25.82
2020-07-08 00:00:00,25.68,25.93,25.03,25.81,262371.94,25.81
2020-07-09 00:00:00,25.70,27.61,25.32,27.05,377694.20,27.05
2020-07-10 00:00:00,26.70,26.88,25.83,26.00,256731.95,26.00
2020-07-13 00:00:00,25.81,27.36,25.79,27.06,295417.46,27.06
2020-07-14 00:00:00,27.45,28.24,26.83,27.80,390478.95,27.80
2020-07-15 00:00:00,27.90,28.19,26.85,27.21,227099.19,27.21
2020-07-16 00:00:00,27.20,27.88,25.80,25.95,274368.14,25.95
2020-07-17 00:00:00,26.00,27.66,26.00,26.95,262947.78,26.95
2020-07-20 00:00:00,27.48,29.60,27.48,29.49,432178.47,29.49
2020-07-21 00:00:00,29.54,29.54,28.28,29.20,308822.68,29.20
2020-07-22 00:00:00,28.90,29.66,28.55,29.32,220139.34,29.32
2020-07-23 00:00:00,28.90,30.05,28.81,30.05,257278.14,30.05
2020-07-24 00:00:00,29.90,30.58,28.00,28.30,257870.35,28.30
2020-07-27 00:00:00,28.81,29.68,28.32,28.94,171800.15,28.94
2020-07-28 00:00:00,29.03,29.13,28.01,28.25,161279.65,28.25
2020-07-29 00:00:00,28.01,28.76,27.57,28.60,164330.77,28.60
2020-07-30 00:00:00,28.50,30.60,28.50,29.97,368054.63,29.97
2020-07-31 00:00:00,29.97,30.55,29.61,30.23,223708.14,30.23
2020-08-03 00:00:00,30.88,31.45,30.00,30.34,235306.13,30.34
2020-08-04 00:00:00,30.07,30.48,29.88,30.25,179020.08,30.25
2020-08-05 00:00:00,29.97,30.41,29.50,30.13,151269.59,30.13
2020-08-06 00:00:00,30.17,30.28,29.26,29.98,159510.38,29.98
2020-08-07 00:00:00,30.00,30.51,29.50,30.51,173716.06,30.51
2020-08-10 00:00:00,31.50,31.98,29.76,29.91,247720.04,29.91
2020-08-11 00:00:00,29.67,29.79,28.17,28.29,274016.38,28.29
2020-08-12 00:00:00,28.27,28.40,26.68,27.59,183063.75,27.59
2020-08-13 00:00:00,27.65,28.30,27.35,27.67,121687.25,27.67
2020-08-14 00:00:00,27.75,28.09,27.00,27.68,121125.20,27.68
2020-08-17 00:00:00,27.60,28.34,27.56,28.25,153536.63,28.25
2020-08-18 00:00:00,28.27,28.77,27.92,28.55,141662.46,28.55
2020-08-19 00:00:00,28.60,29.76,28.60,29.11,218233.04,29.11
2020-08-20 00:00:00,29.00,29.01,28.36,28.47,104220.34,28.47
2020-08-21 00:00:00,28.70,28.85,27.77,28.08,129789.01,28.08
2020-08-24 00:00:00,28.10,28.99,28.08,28.38,106511.64,28.38
2020-08-25 00:00:00,28.59,28.95,28.20,28.55,100582.67,28.55
2020-08-26 00:00:00,28.52,28.74,27.50,27.74,111534.15,27.74
2020-08-27 00:00:00,27.95,28.45,27.71,27.90,78655.36,27.90
2020-08-28 00:00:00,27.70,28.25,27.55,28.18,104342.83,28.18
2020-08-31 00:00:00,28.50,28.76,28.30,28.30,105574.12,28.30
2020-09-01 00:00:00,28.20,28.20,27.70,27.91,81537.49,27.91
2020-09-02 00:00:00,28.01,28.10,27.56,27.89,69803.39,27.89
2020-09-03 00:00:00,27.88,28.26,27.65,27.78,95669.26,27.78
2020-09-04 00:00:00,27.35,27.77,27.06,27.61,76567.77,27.61
2020-09-07 00:00:00,27.61,28.12,27.00,27.09,93149.55,27.09
2020-09-08 00:00:00,27.01,27.25,25.70,26.31,130767.97,26.31
2020-09-09 00:00:00,25.90,26.05,24.90,24.94,127156.22,24.94
2020-09-10 00:00:00,25.45,25.65,24.70,24.97,82362.25,24.97
2020-09-11 00:00:00,24.99,25.61,24.81,25.60,66535.91,25.60
2020-09-14 00:00:00,25.66,26.37,25.63,26.05,79383.57,26.05
2020-09-15 00:00:00,26.00,26.26,25.69,26.16,50593.24,26.16
2020-09-16 00:00:00,26.16,26.70,26.08,26.41,66799.03,26.41
2020-09-17 00:00:00,26.30,26.39,25.70,25.83,68181.60,25.83
2020-09-18 00:00:00,26.00,26.53,25.62,26.53,109502.53,26.53
2020-09-21 00:00:00,26.55,26.68,25.93,26.07,93195.51,26.07
2020-09-22 00:00:00,25.81,25.90,25.28,25.37,71544.44,25.37
2020-09-23 00:00:00,25.58,25.59,24.88,24.98,99264.49,24.98
2020-09-24 00:00:00,24.85,24.85,24.02,24.04,98852.39,24.04
2020-09-25 00:00:00,24.08,24.41,23.70,24.18,70528.75,24.18
2020-09-28 00:00:00,24.20,24.57,23.90,23.93,61552.86,23.93
2020-09-29 00:00:00,24.03,24.29,23.87,24.07,49370.84,24.07
2020-09-30 00:00:00,24.17,24.90,24.03,24.10,79974.60,24.10
2020-10-09 00:00:00,24.35,24.68,24.21,24.41,71132.55,24.41
2020-10-12 00:00:00,24.40,25.08,24.27,25.03,103209.94,25.03
2020-10-13 00:00:00,25.02,25.05,24.60,24.84,68688.52,24.84
2020-10-14 00:00:00,24.78,24.94,24.08,24.24,83475.14,24.24
2020-10-15 00:00:00,24.24,24.74,24.14,24.45,62520.88,24.45
2020-10-16 00:00:00,24.44,24.44,23.82,23.90,77608.22,23.90
2020-10-19 00:00:00,23.99,24.16,23.40,23.43,75400.35,23.43
2020-10-20 00:00:00,23.42,23.47,23.06,23.46,60634.15,23.46
2020-10-21 00:00:00,23.50,23.61,22.85,22.95,74914.79,22.95
2020-10-22 00:00:00,22.95,22.95,22.30,22.49,84274.32,22.49
2020-10-23 00:00:00,22.50,22.77,21.79,21.85,87051.08,21.85
2020-10-26 00:00:00,21.83,22.23,21.32,22.20,69043.68,22.20
2020-10-27 00:00:00,22.15,23.18,21.96,23.02,117620.37,23.02
2020-10-28 00:00:00,22.89,23.10,22.47,22.69,73719.15,22.69
2020-10-29 00:00:00,21.86,22.47,21.60,22.26,132584.11,22.26
2020-10-30 00:00:00,22.33,22.66,21.89,21.94,88029.23,21.94
2020-11-02 00:00:00,21.93,22.20,21.12,21.20,120520.41,21.20
2020-11-03 00:00:00,21.33,22.18,21.14,22.09,129409.40,22.09
2020-11-04 00:00:00,22.10,23.35,22.00,23.06,215226.40,23.06
2020-11-05 00:00:00,23.48,23.54,22.76,23.07,136879.65,23.07
2020-11-06 00:00:00,23.00,23.53,22.53,23.08,129460.12,23.08
2020-11-09 00:00:00,23.13,23.30,22.90,23.24,147563.55,23.24
2020-11-10 00:00:00,23.34,23.58,22.70,22.91,114701.84,22.91
2020-11-11 00:00:00,22.83,24.50,22.80,24.24,270896.30,24.24
2020-11-12 00:00:00,24.20,24.73,23.50,24.52,202508.85,24.52
2020-11-13 00:00:00,24.30,24.48,23.71,23.88,153149.09,23.88
2020-11-16 00:00:00,24.00,24.87,23.82,24.59,165169.91,24.59
2020-11-17 00:00:00,24.68,25.06,24.20,24.43,218297.63,24.43
2020-11-18 00:00:00,24.18,24.40,23.80,24.07,142161.84,24.07
2020-11-19 00:00:00,23.99,23.99,23.25,23.63,113632.08,23.63
2020-11-20 00:00:00,23.52,23.83,23.34,23.80,82382.31,23.80
2020-11-23 00:00:00,23.59,24.65,23.44,24.22,176544.85,24.22
2020-11-24 00:00:00,24.22,24.26,23.86,23.95,83866.54,23.95
2020-11-25 00:00:00,24.01,24.13,22.85,22.92,145778.67,22.92
2020-11-26 00:00:00,22.80,22.85,22.41,22.59,92414.40,22.59
2020-11-27 00:00:00,22.60,23.00,22.30,22.72,69238.07,22.72
2020-11-30 00:00:00,22.72,23.14,22.72,22.83,82784.71,22.83
2020-12-01 00:00:00,22.68,23.15,22.66,23.08,56636.06,23.08
2020-12-02 00:00:00,23.08,23.22,22.88,23.01,64797.18,23.01
2020-12-03 00:00:00,23.00,23.01,22.58,22.71,62597.22,22.71
2020-12-04 00:00:00,22.70,22.85,22.35,22.85,77210.98,22.85
2020-12-07 00:00:00,22.80,22.80,22.30,22.33,69522.15,22.33
2020-12-08 00:00:00,22.30,22.49,22.00,22.07,66857.98,22.07
2020-12-09 00:00:00,22.08,22.26,21.80,21.82,67238.03,21.82
2020-12-10 00:00:00,21.82,21.99,21.60,21.70,43340.66,21.70
2020-12-11 00:00:00,21.71,21.89,21.23,21.42,58114.29,21.42
2020-12-14 00:00:00,21.56,21.58,21.17,21.30,46231.85,21.30
2020-12-15 00:00:00,21.21,21.78,20.60,21.75,117837.82,21.75
2020-12-16 00:00:00,21.60,21.76,21.15,21.16,57435.72,21.16
2020-12-17 00:00:00,21.13,21.58,20.69,21.55,80372.80,21.55
2020-12-18 00:00:00,21.42,21.95,21.41,21.51,57553.99,21.51
2020-12-21 00:00:00,21.27,21.41,21.01,21.26,79918.94,21.26
2020-12-22 00:00:00,21.00,21.10,20.15,20.30,110450.54,20.30
2020-12-23 00:00:00,20.20,20.20,19.34,19.51,119095.90,19.51
2020-12-24 00:00:00,19.53,20.10,19.44,19.64,83229.59,19.64
2020-12-25 00:00:00,19.64,19.70,19.17,19.32,65666.32,19.32
2020-12-28 00:00:00,19.27,19.27,18.77,18.79,88691.19,18.79
2020-12-29 00:00:00,18.80,19.56,18.75,19.32,99997.09,19.32
2020-12-30 00:00:00,19.33,19.33,18.89,19.09,61188.69,19.09
2020-12-31 00:00:00,19.11,19.75,19.11,19.51,73980.72,19.51
2021-01-04 00:00:00,19.51,19.82,19.22,19.67,76027.92,19.67
2021-01-05 00:00:00,19.73,19.73,19.32,19.53,82564.45,19.53
2021-01-06 00:00:00,19.52,20.79,19.50,20.66,218911.59,20.66
2021-01-07 00:00:00,20.51,20.51,19.87,20.06,123079.77,20.06
2021-01-08 00:00:00,19.90,20.44,19.76,20.07,83086.58,20.07
2021-01-11 00:00:00,20.19,20.34,19.53,19.64,88105.57,19.64
2021-01-12 00:00:00,19.65,19.82,19.41,19.56,80032.62,19.56
2021-01-13 00:00:00,19.59,20.17,19.27,19.94,119421.87,19.94
2021-01-14 00:00:00,20.00,20.60,19.94,20.32,118655.58,20.32
2021-01-15 00:00:00,20.32,20.50,19.82,19.97,72229.13,19.97
2021-01-18 00:00:00,19.85,19.86,19.00,19.41,156401.12,19.41
2021-01-19 00:00:00,19.36,19.54,19.05,19.21,83315.87,19.21
2021-01-20 00:00:00,19.20,19.26,18.97,19.01,65424.44,19.01
2021-01-21 00:00:00,19.01,19.21,18.90,19.09,70992.94,19.09
2021-01-22 00:00:00,19.04,19.05,18.20,18.21,147806.91,18.21
2021-01-25 00:00:00,18.00,18.06,17.18,17.59,186559.20,17.59
2021-01-26 00:00:00,17.50,17.94,17.26,17.52,106148.43,17.52
2021-01-27 00:00:00,17.40,17.90,17.39,17.64,65203.87,17.64
2021-01-28 00:00:00,17.60,17.63,17.23,17.25,59082.62,17.25
2021-01-29 00:00:00,17.61,17.62,17.06,17.34,57006.80,17.34
2021-02-01 00:00:00,17.30,17.45,17.03,17.36,48928.30,17.36
2021-02-02 00:00:00,17.39,17.84,17.28,17.67,72469.46,17.67
2021-02-03 00:00:00,17.53,17.67,17.37,17.52,49835.44,17.52
2021-02-04 00:00:00,17.35,17.49,16.56,16.85,80877.68,16.85
2021-02-05 00:00:00,16.82,17.75,16.81,17.33,97433.87,17.33
2021-02-08 00:00:00,17.35,18.19,17.30,18.01,118605.10,18.01
2021-02-09 00:00:00,17.90,18.09,17.72,18.01,85648.20,18.01
2021-02-10 00:00:00,18.09,18.41,17.85,18.22,84661.03,18.22
2021-02-18 00:00:00,18.51,18.78,18.36,18.51,90157.01,18.51
2021-02-19 00:00:00,18.55,20.36,18.43,20.36,226670.95,20.36
2021-02-22 00:00:00,20.97,22.31,20.56,21.33,456457.08,21.33
2021-02-23 00:00:00,21.11,21.86,20.80,21.60,268628.47,21.60
2021-02-24 00:00:00,21.63,22.68,21.44,22.14,328044.24,22.14
2021-02-25 00:00:00,22.30,23.10,21.55,22.61,331712.69,22.61
2021-02-26 00:00:00,21.97,22.39,21.28,21.36,245713.30,21.36
2021-03-01 00:00:00,21.36,21.81,21.11,21.81,171263.55,21.81
2021-03-02 00:00:00,21.82,22.83,21.40,22.07,219175.03,22.07
2021-03-03 00:00:00,22.43,22.66,21.68,22.11,199674.69,22.11
2021-03-04 00:00:00,21.92,22.14,21.29,21.44,180741.03,21.44
2021-03-05 00:00:00,21.00,21.00,20.07,20.52,196181.43,20.52
2021-03-08 00:00:00,20.79,21.02,20.02,20.03,123109.94,20.03
2021-03-09 00:00:00,20.09,20.19,18.59,19.22,135304.35,19.22
2021-03-10 00:00:00,19.48,19.57,18.85,18.99,88805.65,18.99
2021-03-11 00:00:00,19.61,20.89,19.61,20.89,257647.26,20.89
2021-03-12 00:00:00,21.18,21.92,21.01,21.74,349947.54,21.74
2021-03-15 00:00:00,21.16,21.80,21.00,21.47,197957.61,21.47
2021-03-16 00:00:00,21.36,21.56,20.83,21.52,145017.40,21.52
2021-03-17 00:00:00,21.64,21.91,20.85,21.09,148475.98,21.09
2021-03-18 00:00:00,20.94,21.10,20.70,20.93,103772.50,20.93
2021-03-19 00:00:00,20.58,20.61,20.20,20.31,99195.20,20.31
2021-03-22 00:00:00,20.11,20.65,20.10,20.50,89420.58,20.50
2021-03-23 00:00:00,21.15,22.29,21.03,21.42,256788.59,21.42
2021-03-24 00:00:00,20.50,20.71,20.01,20.02,169976.39,20.02
2021-03-25 00:00:00,19.83,20.23,19.71,20.01,82071.28,20.01
2021-03-26 00:00:00,20.40,20.60,20.03,20.40,106601.70,20.40
2021-03-29 00:00:00,21.10,22.44,20.82,22.03,430240.10,22.03
2021-03-30 00:00:00,22.02,22.25,21.20,21.78,232901.55,21.78
2021-03-31 00:00:00,21.63,22.04,21.40,21.85,136011.05,21.85
2021-04-01 00:00:00,21.98,22.38,21.44,22.29,182309.07,22.29
2021-04-02 00:00:00,22.19,22.19,21.58,21.84,115930.83,21.84
2021-04-06 00:00:00,21.94,22.10,21.62,21.97,105523.60,21.97
2021-04-07 00:00:00,21.85,22.35,21.35,22.35,159215.75,22.35
2021-04-08 00:00:00,22.20,22.75,21.90,22.33,136911.74,22.33
2021-04-09 00:00:00,22.23,22.95,21.85,21.88,111302.24,21.88
2021-04-12 00:00:00,22.00,22.00,20.85,21.08,118646.61,21.08
2021-04-13 00:00:00,20.90,21.25,20.65,20.78,99935.50,20.78
2021-04-14 00:00:00,20.89,21.02,20.62,20.99,67885.86,20.99
2021-04-15 00:00:00,20.96,20.96,20.34,20.62,70300.70,20.62
2021-04-16 00:00:00,20.65,20.95,20.60,20.82,57931.71,20.82
2021-04-19 00:00:00,20.95,21.16,20.63,21.15,82526.07,21.15
2021-04-20 00:00:00,21.10,21.56,20.96,21.14,97623.54,21.14
2021-04-21 00:00:00,20.73,20.95,20.69,20.85,51105.19,20.85
2021-04-22 00:00:00,20.85,20.88,20.46,20.59,60559.37,20.59
2021-04-23 00:00:00,20.49,20.71,20.37,20.53,55767.56,20.53
2021-04-26 00:00:00,20.45,20.80,20.22,20.40,92412.04,20.40
2021-04-27 00:00:00,20.36,20.36,19.15,19.77,148345.14,19.77
2021-04-28 00:00:00,19.73,19.96,19.30,19.41,104838.99,19.41
2021-04-29 00:00:00,19.34,19.62,19.15,19.51,49941.83,19.51
2021-04-30 00:00:00,19.51,19.51,19.10,19.33,62609.04,19.33
2021-05-06 00:00:00,19.19,20.05,19.19,20.02,86097.43,20.02
2021-05-07 00:00:00,20.00,20.74,19.98,20.59,134110.37,20.59
2021-05-10 00:00:00,20.71,21.09,20.46,20.90,105768.00,20.90
2021-05-11 00:00:00,20.66,20.87,20.33,20.74,66424.70,20.74
2021-05-12 00:00:00,20.77,21.45,20.77,21.26,117732.16,21.26
2021-05-13 00:00:00,21.21,21.77,20.70,20.84,135997.85,20.84
2021-05-14 00:00:00,21.05,21.11,20.52,20.91,74451.98,20.91
2021-05-17 00:00:00,20.96,21.27,20.59,20.64,78273.53,20.64
2021-05-18 00:00:00,20.56,20.78,20.02,20.33,76975.11,20.33
2021-05-19 00:00:00,20.47,20.96,20.13,20.52,86605.53,20.52
2021-05-20 00:00:00,20.31,20.68,19.98,20.50,60350.35,20.50
2021-05-21 00:00:00,20.64,20.66,20.20,20.36,51505.52,20.36
2021-05-24 00:00:00,20.27,20.36,19.91,19.93,60514.32,19.93
2021-05-25 00:00:00,20.14,21.57,19.98,21.36,180664.14,21.36
2021-05-26 00:00:00,21.39,21.47,20.93,21.31,102896.69,21.31
2021-05-27 00:00:00,21.20,21.68,21.12,21.58,94250.13,21.58
2021-05-28 00:00:00,21.73,21.74,21.21,21.52,78271.62,21.52
2021-05-31 00:00:00,20.44,20.44,19.97,20.13,83709.55,20.13
2021-06-01 00:00:00,20.07,20.08,19.87,20.06,68203.10,20.06
2021-06-02 00:00:00,19.94,19.95,19.50,19.68,80445.51,19.68
2021-06-03 00:00:00,19.65,19.84,19.45,19.74,68798.57,19.74
2021-06-04 00:00:00,19.58,19.60,19.30,19.53,50105.13,19.53
2021-06-07 00:00:00,19.56,19.76,19.40,19.75,53003.36,19.75
2021-06-08 00:00:00,19.76,19.84,19.51,19.58,51954.20,19.58
2021-06-09 00:00:00,19.60,19.60,19.31,19.43,41286.32,19.43
2021-06-10 00:00:00,19.43,19.46,19.13,19.17,68477.09,19.17
2021-06-11 00:00:00,19.37,19.56,19.18,19.41,51584.16,19.41
2021-06-15 00:00:00,19.37,19.71,19.00,19.60,70185.66,19.60
2021-06-16 00:00:00,19.87,19.99,19.52,19.67,64109.14,19.67
2021-06-17 00:00:00,19.42,19.67,19.21,19.62,37808.99,19.62
2021-06-18 00:00:00,19.61,19.62,19.07,19.19,62660.69,19.19
2021-06-21 00:00:00,19.00,19.03,18.15,18.18,122186.95,18.18
2021-06-22 00:00:00,18.18,18.45,17.88,17.91,78314.16,17.91
2021-06-23 00:00:00,17.97,18.09,17.65,17.83,69305.68,17.83
2021-06-24 00:00:00,17.83,17.85,17.28,17.33,104377.96,17.33
2021-06-25 00:00:00,17.36,17.75,17.20,17.64,68485.51,17.64
2021-06-28 00:00:00,17.70,17.74,17.30,17.39,71249.51,17.39
2021-06-29 00:00:00,17.38,17.48,17.20,17.36,43046.35,17.36
2021-06-30 00:00:00,17.36,17.48,17.27,17.48,31443.01,17.48
2021-07-01 00:00:00,17.48,18.22,17.35,17.82,109433.34,17.82
2021-07-02 00:00:00,17.64,17.72,17.23,17.26,72686.16,17.26
2021-07-05 00:00:00,17.11,17.53,17.02,17.21,61286.47,17.21
2021-07-06 00:00:00,17.25,17.65,17.16,17.58,71273.59,17.58
2021-07-07 00:00:00,17.55,17.71,17.38,17.69,65024.69,17.69
2021-07-08 00:00:00,17.61,17.61,17.10,17.18,81221.90,17.18
2021-07-09 00:00:00,17.09,17.28,17.01,17.19,44372.63,17.19
2021-07-12 00:00:00,17.22,17.43,17.04,17.08,70707.85,17.08
2021-07-13 00:00:00,17.01,17.15,16.71,17.14,56271.45,17.14
2021-07-14 00:00:00,17.15,17.30,16.78,16.80,66302.35,16.80
2021-07-15 00:00:00,16.78,16.78,16.35,16.72,69086.77,16.72
2021-07-16 00:00:00,16.64,16.73,16.50,16.53,49306.15,16.53
2021-07-19 00:00:00,16.52,16.53,15.94,16.04,85458.96,16.04
2021-07-20 00:00:00,16.04,16.25,15.93,16.17,45876.07,16.17
2021-07-21 00:00:00,16.27,16.80,16.27,16.55,75655.80,16.55
2021-07-22 00:00:00,16.44,16.88,16.17,16.70,75655.72,16.70
2021-07-23 00:00:00,16.72,17.06,16.60,16.87,72849.51,16.87
2021-07-26 00:00:00,16.79,16.79,16.00,16.09,98562.18,16.09
2021-07-27 00:00:00,16.38,16.54,15.98,16.10,79542.16,16.10
2021-07-28 00:00:00,15.98,16.05,15.22,15.53,81717.18,15.53
2021-07-29 00:00:00,15.61,15.83,15.37,15.61,74387.04,15.61
2021-07-30 00:00:00,15.50,15.77,15.19,15.55,57542.45,15.55
2021-08-02 00:00:00,15.54,17.11,15.09,17.09,241100.45,17.09
2021-08-03 00:00:00,17.15,17.47,16.88,17.22,191917.96,17.22
2021-08-04 00:00:00,17.13,17.26,16.91,17.10,116499.93,17.10
2021-08-05 00:00:00,16.90,17.66,16.80,17.37,149895.92,17.37
2021-08-06 00:00:00,17.22,17.50,17.03,17.47,90401.14,17.47
2021-08-09 00:00:00,17.30,18.85,17.30,18.46,206367.94,18.46
2021-08-10 00:00:00,18.38,18.67,18.09,18.50,120893.02,18.50
2021-08-11 00:00:00,18.48,18.80,18.10,18.29,120396.13,18.29
2021-08-12 00:00:00,18.30,18.30,17.81,17.94,106686.85,17.94
2021-08-13 00:00:00,17.89,18.40,17.81,18.40,120732.81,18.40
2021-08-16 00:00:00,18.57,18.83,18.25,18.39,106274.15,18.39
2021-08-17 00:00:00,18.23,18.80,18.11,18.40,128768.28,18.40
2021-08-18 00:00:00,18.35,18.75,18.16,18.64,148822.05,18.64
2021-08-19 00:00:00,18.67,18.75,18.12,18.28,99518.44,18.28
2021-08-20 00:00:00,18.20,19.17,18.08,18.84,151796.70,18.84
2021-08-23 00:00:00,18.74,19.24,18.48,19.01,136674.96,19.01
2021-08-24 00:00:00,19.00,19.00,18.40,18.59,126760.58,18.59
2021-08-25 00:00:00,18.60,18.80,18.42,18.79,84377.82,18.79
2021-08-26 00:00:00,18.78,18.78,18.40,18.68,66000.63,18.68
2021-08-27 00:00:00,18.58,18.85,18.43,18.68,66339.44,18.68
2021-08-30 00:00:00,18.65,18.65,18.20,18.37,95713.99,18.37
2021-08-31 00:00:00,18.27,19.24,18.26,19.09,150559.97,19.09
2021-09-01 00:00:00,19.25,20.86,19.04,20.12,282693.26,20.12
2021-09-02 00:00:00,20.26,20.77,19.77,20.13,232558.05,20.13
2021-09-03 00:00:00,20.02,20.43,19.55,20.13,146616.79,20.13
2021-09-06 00:00:00,20.07,21.72,20.01,20.86,219335.27,20.86
2021-09-07 00:00:00,20.85,21.65,20.60,21.10,158207.85,21.10
2021-09-08 00:00:00,21.10,21.38,20.60,20.70,122571.85,20.70
2021-09-09 00:00:00,20.50,22.40,20.30,22.33,328807.57,22.33
2021-09-10 00:00:00,22.99,24.56,22.88,23.71,605148.48,23.71
2021-09-13 00:00:00,24.60,26.08,24.55,26.08,705028.54,26.08
2021-09-14 00:00:00,25.50,26.73,24.77,25.31,422049.42,25.31
2021-09-15 00:00:00,25.42,25.55,23.59,23.91,373471.88,23.91
2021-09-16 00:00:00,24.28,25.20,23.79,24.02,334286.36,24.02
2021-09-17 00:00:00,24.66,25.30,24.03,24.70,265489.43,24.70
2021-09-22 00:00:00,24.76,25.70,24.20,25.20,211718.44,25.20
2021-09-23 00:00:00,25.40,26.35,24.00,24.58,377694.39,24.58
2021-09-24 00:00:00,24.47,24.78,22.12,22.12,314998.60,22.12
2021-09-27 00:00:00,22.12,22.12,19.91,19.96,391958.28,19.96
2021-09-28 00:00:00,20.06,20.55,19.70,19.99,159418.25,19.99
2021-09-29 00:00:00,19.65,19.94,18.30,18.64,332476.37,18.64
2021-09-30 00:00:00,18.69,19.03,18.61,18.93,154713.22,18.93
2021-10-08 00:00:00,19.28,19.32,18.66,19.04,135552.56,19.04
2021-10-11 00:00:00,19.18,19.59,18.84,18.89,139647.10,18.89
2021-10-12 00:00:00,18.71,18.94,17.99,18.64,151746.37,18.64
2021-10-13 00:00:00,18.35,18.69,17.62,18.24,184499.72,18.24
2021-10-14 00:00:00,18.15,18.28,17.80,18.16,101742.77,18.16
2021-10-15 00:00:00,18.15,18.21,17.90,18.00,86661.21,18.00
2021-10-18 00:00:00,17.97,18.08,17.60,18.04,96613.71,18.04
2021-10-19 00:00:00,18.01,18.03,17.71,17.81,136436.00,17.81
2021-10-20 00:00:00,17.79,17.80,17.47,17.55,101353.79,17.55
2021-10-21 00:00:00,17.65,17.87,17.53,17.66,133368.52,17.66
2021-10-22 00:00:00,17.58,18.48,17.52,17.76,241550.48,17.76
2021-10-25 00:00:00,17.41,17.59,16.74,17.55,136729.76,17.55
2021-10-26 00:00:00,17.54,17.80,17.22,17.40,110077.79,17.40
2021-10-27 00:00:00,17.22,17.30,16.66,16.73,126555.52,16.73
2021-10-28 00:00:00,16.99,17.30,16.77,16.89,135606.07,16.89
2021-10-29 00:00:00,17.18,17.52,17.00,17.40,120706.97,17.40
2021-11-01 00:00:00,17.51,17.77,17.40,17.75,125000.21,17.75
2021-11-02 00:00:00,17.68,17.73,16.79,17.01,122473.97,17.01
2021-11-03 00:00:00,17.20,17.47,17.00,17.44,88799.83,17.44
2021-11-04 00:00:00,17.45,17.58,17.20,17.44,67953.00,17.44
2021-11-05 00:00:00,17.40,17.40,16.98,17.00,91948.00,17.00
2021-11-08 00:00:00,17.00,17.20,16.87,17.13,55992.18,17.13
2021-11-09 00:00:00,17.14,17.46,17.11,17.44,75828.09,17.44
2021-11-10 00:00:00,17.44,17.48,16.85,17.05,100855.70,17.05
2021-11-11 00:00:00,17.06,18.32,17.05,18.09,247508.84,18.09
2021-11-12 00:00:00,17.90,17.94,17.50,17.55,169661.57,17.55
2021-11-15 00:00:00,17.45,17.55,17.09,17.40,86218.36,17.40
2021-11-16 00:00:00,17.33,17.49,17.16,17.17,80085.81,17.17
2021-11-17 00:00:00,17.24,17.24,17.05,17.24,60019.93,17.24
2021-11-18 00:00:00,17.12,17.45,17.11,17.21,78059.87,17.21
2021-11-19 00:00:00,17.15,17.45,17.03,17.34,82936.36,17.34
2021-11-22 00:00:00,17.34,17.34,17.11,17.19,70583.88,17.19
2021-11-23 00:00:00,17.19,17.45,17.15,17.30,80058.27,17.30
2021-11-24 00:00:00,17.27,17.65,17.13,17.50,116321.78,17.50
2021-11-25 00:00:00,17.49,17.85,17.37,17.80,132993.49,17.80
2021-11-26 00:00:00,17.75,17.91,17.48,17.50,118984.82,17.50
2021-11-29 00:00:00,17.20,17.29,17.02,17.15,78487.53,17.15
2021-11-30 00:00:00,17.15,17.72,17.13,17.37,103875.84,17.37
2021-12-01 00:00:00,17.40,17.77,17.30,17.74,115847.48,17.74
2021-12-02 00:00:00,17.91,19.51,17.65,19.51,558859.05,19.51
2021-12-03 00:00:00,19.30,19.84,18.91,19.66,519554.95,19.66
2021-12-06 00:00:00,19.95,20.45,19.56,19.76,352966.24,19.76
2021-12-07 00:00:00,20.18,20.65,19.81,20.16,308019.09,20.16
2021-12-08 00:00:00,19.99,20.15,19.46,19.99,220638.32,19.99
2021-12-09 00:00:00,20.05,20.55,20.01,20.14,196166.91,20.14
2021-12-10 00:00:00,19.80,19.96,19.56,19.63,140695.33,19.63
2021-12-13 00:00:00,20.15,20.55,19.56,19.69,270000.78,19.69
2021-12-14 00:00:00,19.52,19.75,19.11,19.26,129376.98,19.26
2021-12-15 00:00:00,19.48,19.98,19.32,19.58,182193.93,19.58
2021-12-16 00:00:00,19.48,20.10,19.47,19.95,111705.61,19.95
2021-12-17 00:00:00,19.95,20.79,19.78,20.48,200041.94,20.48
2021-12-20 00:00:00,20.49,20.52,19.92,20.09,128471.14,20.09
2021-12-21 00:00:00,20.05,21.51,20.04,21.06,213103.18,21.06
2021-12-22 00:00:00,20.80,21.02,20.44,21.01,138181.92,21.01
2021-12-23 00:00:00,20.86,20.97,20.60,20.83,100142.93,20.83
2021-12-24 00:00:00,20.79,20.79,20.29,20.53,97071.08,20.53
2021-12-27 00:00:00,20.53,20.87,20.02,20.10,124891.32,20.10
2021-12-28 00:00:00,20.17,20.55,20.10,20.25,92449.73,20.25
2021-12-29 00:00:00,20.20,20.39,19.98,20.07,63769.14,20.07
2021-12-30 00:00:00,20.10,20.65,20.01,20.16,99274.15,20.16
2021-12-31 00:00:00,20.00,20.19,19.82,20.07,76347.72,20.07
2022-01-04 00:00:00,20.07,20.66,19.97,20.42,113185.61,20.42
2022-01-05 00:00:00,20.36,21.30,20.15,20.92,173373.26,20.92
2022-01-06 00:00:00,21.15,23.01,20.89,22.65,432542.68,22.65
2022-01-07 00:00:00,22.44,23.16,22.44,22.76,279053.06,22.76
2022-01-10 00:00:00,22.76,23.54,22.65,22.72,159244.25,22.72
2022-01-11 00:00:00,23.05,23.15,22.57,22.70,121678.08,22.70
2022-01-12 00:00:00,22.70,22.80,20.80,20.83,251848.82,20.83
2022-01-13 00:00:00,20.83,20.91,19.56,19.66,253691.39,19.66
2022-01-14 00:00:00,19.42,19.42,18.90,18.92,154980.73,18.92
2022-01-17 00:00:00,18.85,19.18,18.70,19.03,137076.77,19.03
2022-01-18 00:00:00,18.98,20.45,18.86,19.88,236721.64,19.88
2022-01-19 00:00:00,19.99,21.84,19.89,21.65,398767.88,21.65
2022-01-20 00:00:00,21.41,21.65,20.75,20.96,238792.15,20.96
2022-01-21 00:00:00,21.10,21.30,20.37,20.40,129791.73,20.40
2022-01-24 00:00:00,20.78,21.44,20.31,21.02,161383.18,21.02
2022-01-25 00:00:00,20.85,21.30,20.52,20.54,129665.86,20.54
2022-01-26 00:00:00,20.46,21.13,19.88,20.87,137052.47,20.87
2022-01-27 00:00:00,20.65,20.78,20.04,20.07,83713.10,20.07
2022-01-28 00:00:00,20.17,20.44,19.60,19.78,86468.83,19.78
2022-02-07 00:00:00,20.45,21.76,20.36,21.76,241391.85,21.76
2022-02-08 00:00:00,21.90,22.52,21.07,22.09,292236.17,22.09
2022-02-09 00:00:00,22.04,22.50,21.78,21.90,197484.92,21.90
2022-02-10 00:00:00,21.96,22.70,21.63,22.41,208084.09,22.41
2022-02-11 00:00:00,22.58,22.90,22.01,22.54,246616.05,22.54
2022-02-14 00:00:00,22.24,22.76,21.70,21.85,165399.91,21.85
2022-02-15 00:00:00,22.24,22.63,22.04,22.30,157936.59,22.30
2022-02-16 00:00:00,22.43,22.98,22.30,22.63,144731.09,22.63
2022-02-17 00:00:00,22.50,23.31,22.20,22.64,179220.09,22.64
2022-02-18 00:00:00,22.40,23.05,22.04,22.90,154304.02,22.90
2022-02-21 00:00:00,22.92,23.06,22.31,22.70,131439.65,22.70
2022-02-22 00:00:00,22.38,22.52,22.00,22.20,101065.66,22.20
2022-02-23 00:00:00,22.28,22.40,21.89,22.34,93017.72,22.34
2022-02-24 00:00:00,22.04,22.16,20.93,21.37,163484.55,21.37
2022-02-25 00:00:00,21.55,21.84,21.09,21.15,96559.69,21.15
2022-02-28 00:00:00,21.15,21.48,20.97,21.30,86182.31,21.30
2022-03-01 00:00:00,21.20,22.21,21.20,21.96,172887.32,21.96
2022-03-02 00:00:00,22.02,22.20,21.69,21.76,91678.76,21.76
2022-03-03 00:00:00,21.79,22.18,21.59,21.85,106384.73,21.85
2022-03-04 00:00:00,21.61,21.73,21.16,21.58,94543.68,21.58
2022-03-07 00:00:00,21.52,22.53,21.37,22.17,234912.05,22.17
2022-03-08 00:00:00,21.94,22.16,21.20,21.65,137563.44,21.65
2022-03-09 00:00:00,21.66,21.78,20.11,21.17,187974.89,21.17
2022-03-10 00:00:00,21.55,22.15,21.38,21.49,157772.62,21.49
2022-03-11 00:00:00,21.28,21.62,20.71,21.56,97035.62,21.56
2022-03-14 00:00:00,21.30,22.31,21.19,21.50,145826.73,21.50
2022-03-15 00:00:00,21.27,21.50,19.35,19.35,260310.42,19.35
2022-03-16 00:00:00,19.59,19.96,18.21,19.82,225218.96,19.82
2022-03-17 00:00:00,20.08,20.60,20.00,20.13,147231.41,20.13
2022-03-18 00:00:00,20.00,21.13,19.94,20.83,129497.38,20.83
2022-03-21 00:00:00,20.80,21.07,20.01,20.30,110487.95,20.30
2022-03-22 00:00:00,20.11,20.47,19.59,20.16,107993.02,20.16
2022-03-23 00:00:00,20.30,20.35,19.88,20.29,82132.17,20.29
2022-03-24 00:00:00,20.09,20.09,19.67,19.86,74539.02,19.86
2022-03-25 00:00:00,19.71,20.10,19.62,19.63,62278.71,19.63
2022-03-28 00:00:00,19.35,20.11,19.06,19.84,88637.30,19.84
2022-03-29 00:00:00,19.78,19.99,19.42,19.62,57555.96,19.62
2022-03-30 00:00:00,19.54,20.92,19.49,20.85,173643.26,20.85
2022-03-31 00:00:00,20.67,22.05,20.58,21.85,256726.52,21.85
2022-04-01 00:00:00,21.61,21.89,21.46,21.77,108452.72,21.77
2022-04-06 00:00:00,21.86,22.55,21.53,22.30,160782.86,22.30
2022-04-07 00:00:00,22.42,23.31,22.09,22.45,201748.28,22.45
2022-04-08 00:00:00,22.60,23.03,22.25,22.73,121363.89,22.73
2022-04-11 00:00:00,22.41,22.69,22.00,22.17,107909.00,22.17
2022-04-12 00:00:00,22.05,22.25,21.50,21.86,101204.08,21.86
2022-04-13 00:00:00,21.71,21.82,20.97,21.09,100166.18,21.09
2022-04-14 00:00:00,21.32,21.73,20.60,21.51,116696.40,21.51
2022-04-15 00:00:00,21.49,22.19,21.31,21.79,105781.67,21.79
2022-04-18 00:00:00,21.57,21.91,21.11,21.51,70842.50,21.51
2022-04-19 00:00:00,21.46,21.60,20.75,21.42,88250.52,21.42
2022-04-20 00:00:00,21.52,21.59,20.11,20.33,129494.38,20.33
2022-04-21 00:00:00,20.17,20.32,19.49,19.52,75568.70,19.52
2022-04-22 00:00:00,19.75,20.42,19.21,20.28,93066.02,20.28
2022-04-25 00:00:00,19.89,20.22,19.01,19.02,107652.97,19.02
2022-04-26 00:00:00,19.02,19.65,18.91,18.98,86146.36,18.98
2022-04-27 00:00:00,19.40,20.85,19.25,20.37,182178.84,20.37
2022-04-28 00:00:00,20.18,20.98,19.86,20.89,141349.67,20.89
2022-04-29 00:00:00,20.68,21.05,20.33,20.83,110643.23,20.83
2022-05-05 00:00:00,20.86,21.54,20.78,21.40,132476.90,21.40
2022-05-06 00:00:00,20.80,21.20,20.51,20.68,76985.73,20.68
2022-05-09 00:00:00,20.71,21.68,20.59,20.74,74210.00,20.74
2022-05-10 00:00:00,20.85,21.10,20.00,21.04,92519.50,21.04
2022-05-11 00:00:00,21.04,21.27,20.60,20.78,96437.71,20.78
2022-05-12 00:00:00,20.60,20.71,19.90,20.06,97453.19,20.06
2022-05-13 00:00:00,20.08,20.55,20.08,20.35,79871.85,20.35
2022-05-16 00:00:00,20.63,20.69,19.94,20.07,99371.03,20.07
2022-05-17 00:00:00,19.98,20.28,19.42,20.15,104556.53,20.15
2022-05-18 00:00:00,20.00,20.10,19.71,19.83,56544.03,19.83
2022-05-19 00:00:00,19.60,20.10,19.50,19.99,63639.90,19.99
2022-05-20 00:00:00,20.06,20.27,19.96,20.19,60243.49,20.19
2022-05-23 00:00:00,20.22,20.24,19.87,19.96,66457.97,19.96
2022-05-24 00:00:00,20.19,20.23,19.45,19.51,77531.30,19.51
2022-05-25 00:00:00,19.67,19.89,19.35,19.88,42989.80,19.88
2022-05-26 00:00:00,19.99,20.25,19.88,20.11,109120.58,20.11
2022-05-27 00:00:00,20.15,20.15,19.72,19.86,72841.15,19.86
2022-05-30 00:00:00,15.91,16.00,15.00,16.00,87879.62,16.00
2022-05-31 00:00:00,15.89,15.96,15.40,15.56,167335.13,15.56
2022-06-01 00:00:00,15.53,15.53,15.25,15.42,121156.44,15.42
2022-06-02 00:00:00,15.39,15.42,14.74,14.92,210504.03,14.92
2022-06-06 00:00:00,14.80,15.28,14.41,15.23,314815.31,15.23
2022-06-07 00:00:00,15.20,15.27,15.02,15.12,114853.09,15.12
2022-06-08 00:00:00,15.08,15.25,14.83,15.02,125991.62,15.02
2022-06-09 00:00:00,15.00,15.08,14.80,14.90,89834.77,14.90
2022-06-10 00:00:00,14.79,14.91,14.63,14.90,94459.27,14.90
2022-06-13 00:00:00,14.77,14.79,14.36,14.62,193524.15,14.62
2022-06-14 00:00:00,14.52,14.76,14.40,14.73,124085.00,14.73
2022-06-15 00:00:00,14.88,15.33,14.82,15.10,217752.40,15.10
2022-06-16 00:00:00,15.19,15.32,14.91,14.97,116199.26,14.97
2022-06-17 00:00:00,14.80,15.02,14.79,14.95,95226.60,14.95
2022-06-20 00:00:00,15.05,15.20,14.93,15.09,105931.40,15.09
2022-06-21 00:00:00,15.09,15.26,14.98,15.14,113309.33,15.14
2022-06-22 00:00:00,15.21,15.23,14.75,14.77,94769.99,14.77
2022-06-23 00:00:00,14.75,14.98,14.60,14.95,80136.95,14.95
2022-06-24 00:00:00,15.00,15.04,14.87,14.91,77098.68,14.91
2022-06-27 00:00:00,14.99,15.14,14.82,15.00,89713.79,15.00
2022-06-28 00:00:00,14.99,15.12,14.87,15.07,94586.20,15.07
2022-06-29 00:00:00,15.03,15.39,15.00,15.15,174587.67,15.15
2022-06-30 00:00:00,15.20,16.03,15.10,15.78,268438.80,15.78
2022-07-01 00:00:00,15.83,15.96,15.65,15.68,140387.65,15.68
2022-07-04 00:00:00,15.68,15.94,15.66,15.81,113556.27,15.81
2022-07-05 00:00:00,15.79,15.86,15.36,15.50,129178.48,15.50
2022-07-06 00:00:00,15.48,15.48,14.90,14.98,126254.28,14.98
2022-07-07 00:00:00,15.04,15.07,14.85,14.90,86777.38,14.90
2022-07-08 00:00:00,14.86,15.09,14.86,14.94,61559.19,14.94
2022-07-11 00:00:00,15.05,15.10,14.75,14.90,72528.80,14.90
2022-07-12 00:00:00,14.89,15.40,14.83,15.35,144804.85,15.35
2022-07-13 00:00:00,15.40,15.49,15.07,15.19,88789.98,15.19
2022-07-14 00:00:00,15.09,15.49,14.82,15.16,141067.75,15.16
2022-07-15 00:00:00,15.13,15.27,14.69,15.00,118381.87,15.00
2022-07-18 00:00:00,14.91,15.30,14.88,15.17,87069.39,15.17
2022-07-19 00:00:00,15.15,15.22,14.95,15.00,70475.02,15.00
2022-07-20 00:00:00,15.01,15.07,14.89,14.92,73281.26,14.92
2022-07-21 00:00:00,14.83,14.89,14.65,14.65,87614.18,14.65
2022-07-22 00:00:00,14.66,14.76,14.43,14.58,65893.55,14.58
2022-07-25 00:00:00,14.58,14.68,14.51,14.58,39363.09,14.58
2022-07-26 00:00:00,14.58,14.73,14.52,14.68,52294.76,14.68
2022-07-27 00:00:00,14.60,14.74,14.60,14.69,40919.07,14.69
2022-07-28 00:00:00,14.79,14.84,14.68,14.79,45934.53,14.79
2022-07-29 00:00:00,14.84,14.95,14.71,14.76,54981.06,14.76
2022-08-01 00:00:00,14.75,14.75,14.52,14.60,48647.73,14.60
2022-08-02 00:00:00,14.45,14.46,13.80,13.90,91741.28,13.90
2022-08-03 00:00:00,13.90,14.13,13.62,13.65,80201.31,13.65
2022-08-04 00:00:00,13.92,13.96,13.63,13.71,62934.85,13.71
2022-08-05 00:00:00,13.82,14.28,13.67,14.07,110047.23,14.07
2022-08-08 00:00:00,14.08,14.88,14.06,14.77,177196.11,14.77
2022-08-09 00:00:00,14.65,15.00,14.42,14.78,122018.06,14.78
2022-08-10 00:00:00,14.78,15.27,14.67,14.77,112278.17,14.77
2022-08-11 00:00:00,14.72,14.88,14.72,14.80,75585.16,14.80
2022-08-12 00:00:00,14.86,15.12,14.76,14.94,78423.28,14.94
2022-08-15 00:00:00,14.89,15.13,14.81,14.97,67426.90,14.97
2022-08-16 00:00:00,15.07,15.25,15.02,15.16,93570.80,15.16
2022-08-17 00:00:00,15.18,15.23,14.91,15.02,63686.79,15.02
2022-08-18 00:00:00,14.99,14.99,14.66,14.71,71214.80,14.71
2022-08-19 00:00:00,14.67,14.93,14.64,14.77,58336.87,14.77
2022-08-22 00:00:00,14.80,15.17,14.70,15.07,78579.73,15.07
2022-08-23 00:00:00,15.07,15.07,14.75,14.88,64251.05,14.88
2022-08-24 00:00:00,14.75,14.87,14.09,14.17,142861.08,14.17
2022-08-25 00:00:00,14.28,15.00,14.26,14.96,148858.80,14.96
2022-08-26 00:00:00,15.01,15.05,14.60,14.65,95042.00,14.65
2022-08-29 00:00:00,14.48,14.76,14.31,14.69,70822.22,14.69
2022-08-30 00:00:00,14.69,14.89,14.48,14.56,42656.16,14.56
2022-08-31 00:00:00,14.51,14.78,14.39,14.62,58239.17,14.62
2022-09-01 00:00:00,14.59,14.97,14.41,14.55,71647.61,14.55
2022-09-02 00:00:00,14.65,14.75,14.10,14.18,89998.80,14.18
2022-09-05 00:00:00,14.11,14.76,14.07,14.64,91316.49,14.64
2022-09-06 00:00:00,14.55,14.95,14.55,14.82,95335.37,14.82
2022-09-07 00:00:00,14.77,14.82,14.31,14.41,91094.04,14.41
2022-09-08 00:00:00,14.43,14.74,14.27,14.51,110023.41,14.51
2022-09-09 00:00:00,14.53,15.15,14.50,14.98,214928.89,14.98
2022-09-13 00:00:00,14.98,15.26,14.77,14.86,138207.57,14.86
2022-09-14 00:00:00,14.77,14.92,14.61,14.62,82938.55,14.62
2022-09-15 00:00:00,14.68,14.96,14.42,14.64,109437.11,14.64
2022-09-16 00:00:00,14.63,14.63,13.91,13.98,164528.34,13.98
2022-09-19 00:00:00,13.96,13.97,13.46,13.59,93878.81,13.59
2022-09-20 00:00:00,13.66,13.72,13.50,13.61,51722.36,13.61
2022-09-21 00:00:00,13.57,13.68,13.29,13.60,48044.49,13.60
2022-09-22 00:00:00,13.44,13.56,13.37,13.37,46183.38,13.37
2022-09-23 00:00:00,13.37,13.53,13.25,13.34,38885.94,13.34
2022-09-26 00:00:00,13.26,13.45,12.78,12.83,69868.03,12.83
2022-09-27 00:00:00,12.77,13.07,12.42,12.91,98093.48,12.91
2022-09-28 00:00:00,12.85,12.85,12.50,12.50,49083.42,12.50
2022-09-29 00:00:00,12.66,12.85,12.18,12.20,72255.03,12.20
2022-09-30 00:00:00,12.21,12.50,12.19,12.38,69264.23,12.38
2022-10-10 00:00:00,12.45,12.85,12.38,12.46,74583.33,12.46
2022-10-11 00:00:00,12.49,12.52,12.13,12.23,53389.24,12.23
2022-10-12 00:00:00,12.11,12.30,11.86,12.30,63387.50,12.30
2022-10-13 00:00:00,12.13,12.32,12.06,12.18,53243.67,12.18
2022-10-14 00:00:00,12.22,12.40,12.22,12.29,82527.42,12.29
2022-10-17 00:00:00,12.25,12.33,12.14,12.31,58632.27,12.31
2022-10-18 00:00:00,12.39,12.50,12.00,12.15,86600.56,12.15
2022-10-19 00:00:00,12.05,12.13,11.76,11.80,98734.49,11.80
2022-10-20 00:00:00,11.78,11.78,11.40,11.40,121138.61,11.40
2022-10-21 00:00:00,11.40,11.55,11.27,11.31,59684.90,11.31
2022-10-24 00:00:00,11.34,11.43,10.96,11.04,72783.25,11.04
2022-10-25 00:00:00,11.05,11.18,10.76,10.91,72339.58,10.91
2022-10-26 00:00:00,10.91,11.09,10.90,10.95,64415.50,10.95
2022-10-27 00:00:00,10.89,11.08,10.85,11.06,60202.15,11.06
2022-10-28 00:00:00,11.05,11.05,10.22,10.24,145815.00,10.24
2022-10-31 00:00:00,10.20,10.23,9.82,10.02,126904.53,10.02
2022-11-01 00:00:00,10.05,10.33,10.05,10.30,117110.36,10.30
2022-11-02 00:00:00,10.35,10.60,10.27,10.43,92413.30,10.43
2022-11-03 00:00:00,10.38,10.47,10.28,10.44,78339.57,10.44
2022-11-04 00:00:00,10.45,10.63,10.40,10.60,110415.13,10.60
2022-11-07 00:00:00,10.58,10.77,10.51,10.73,91544.41,10.73
2022-11-08 00:00:00,10.72,10.86,10.42,10.58,162474.15,10.58
2022-11-09 00:00:00,10.53,10.77,10.53,10.58,92126.30,10.58
2022-11-10 00:00:00,10.58,10.61,10.44,10.57,93776.63,10.57
2022-11-11 00:00:00,10.75,11.16,10.70,11.09,234617.48,11.09
2022-11-14 00:00:00,11.34,11.57,10.96,11.01,271142.42,11.01
2022-11-15 00:00:00,10.92,11.43,10.85,11.29,213621.65,11.29
2022-11-16 00:00:00,11.25,11.26,11.04,11.08,120347.42,11.08
2022-11-17 00:00:00,11.02,11.20,10.98,11.08,82667.74,11.08
2022-11-18 00:00:00,11.10,11.10,10.90,10.93,71495.45,10.93
2022-11-21 00:00:00,10.85,10.95,10.68,10.91,105557.60,10.91
2022-11-22 00:00:00,10.91,11.14,10.84,10.88,93123.76,10.88
2022-11-23 00:00:00,10.89,11.07,10.81,10.90,95781.84,10.90
2022-11-24 00:00:00,10.98,11.18,10.94,11.02,94283.05,11.02
2022-11-25 00:00:00,11.00,11.23,10.94,11.19,128744.12,11.19
2022-11-28 00:00:00,10.96,11.01,10.75,10.94,92776.54,10.94
2022-11-29 00:00:00,11.20,11.68,11.09,11.64,299976.23,11.64
2022-11-30 00:00:00,11.65,12.09,11.50,11.58,322939.89,11.58
2022-12-01 00:00:00,11.60,12.01,11.47,11.70,226681.92,11.70
2022-12-02 00:00:00,11.60,11.67,11.35,11.36,139046.24,11.36
2022-12-05 00:00:00,11.40,11.98,11.39,11.85,209374.28,11.85
2022-12-06 00:00:00,11.84,11.84,11.60,11.67,118542.34,11.67
2022-12-07 00:00:00,11.60,11.66,11.37,11.47,107302.03,11.47
2022-12-08 00:00:00,11.55,11.70,11.41,11.60,89871.49,11.60
2022-12-09 00:00:00,11.57,12.48,11.57,12.41,333511.16,12.41
2022-12-12 00:00:00,12.32,12.42,12.00,12.07,224613.15,12.07
2022-12-13 00:00:00,12.07,12.39,11.96,12.33,127648.97,12.33
2022-12-14 00:00:00,12.21,12.33,11.91,12.02,133800.73,12.02
2022-12-15 00:00:00,12.03,12.09,11.40,11.61,189100.99,11.61
2022-12-16 00:00:00,11.50,12.77,11.48,12.31,533458.87,12.31
2022-12-19 00:00:00,12.12,12.69,11.74,11.93,334500.91,11.93
2022-12-20 00:00:00,11.80,11.93,11.51,11.67,160962.25,11.67
2022-12-21 00:00:00,11.67,11.85,11.55,11.67,120239.87,11.67
2022-12-22 00:00:00,11.89,12.10,11.65,11.75,213988.90,11.75
2022-12-23 00:00:00,11.57,11.60,11.16,11.18,176293.59,11.18
2022-12-26 00:00:00,11.18,11.18,10.81,10.91,180331.63,10.91
2022-12-27 00:00:00,10.99,11.27,10.97,11.12,141267.40,11.12
2022-12-28 00:00:00,11.07,11.07,10.86,10.89,93477.71,10.89
2022-12-29 00:00:00,10.91,10.94,10.64,10.66,99520.83,10.66
2022-12-30 00:00:00,10.72,10.76,10.60,10.68,60688.84,10.68
